1000000 1000
766631 953142 1
28706 769863 1
701086 885808 1
44254 77876 1
909120 957893 2
316355 451905 1
75313 980321 3
54117 783294 1
532471 878242 2
692144 814899 2
265686 926964 3
86746 948520 3
734722 769876 2
596843 856786 2
46907 470845 3
836859 914983 1
182103 876478 2
718195 735284 2
6062 707439 2
822721 829586 1
870720 953294 3
941740 958639 2
812720 962025 3
329677 482422 2
68975 737289 2
457210 958625 2
285902 556981 2
982158 998545 1
302122 623670 1
332550 716731 1
99275 864284 3
272291 964464 2
938226 989289 3
543047 666542 2
278057 742752 1
89504 165669 2
616638 716788 1
773518 986977 3
623198 885955 1
316930 739789 1
161537 466658 3
775564 936845 2
545347 713998 2
877454 992481 1
350226 797942 2
789798 808452 2
144157 850171 2
923497 960953 2
984466 995593 1
502639 789008 1
133469 724863 3
914543 963902 1
400796 568428 1
204557 424010 1
718347 797288 2
72231 134661 3
115249 541015 1
690134 814686 2
995263 995809 2
404467 602460 2
486483 976756 2
899851 967355 1
196758 613375 2
303983 899499 2
297530 724087 2
644593 798587 2
845243 952427 1
322331 618579 3
167032 654991 2
269504 946455 2
185902 533324 1
124293 532130 2
904230 956082 3
861686 973523 2
929835 940819 1
445676 955494 1
399916 480914 2
970632 974833 2
55133 113650 1
106932 553046 2
117293 918449 2
888440 984092 1
7366 288485 2
208581 981442 2
650415 921600 1
481117 722919 3
614326 922520 1
88891 824858 2
455115 906071 1
374291 485749 1
318721 745236 2
523742 859670 2
277933 301739 2
373287 992705 2
573082 979605 1
368805 441378 1
128556 337825 3
512986 646667 3
763370 796376 1
388515 815905 1
544080 919232 3
850277 920272 1
409957 433933 1
112152 439014 2
973633 999445 2
154748 789976 1
149880 987677 1
788568 988093 2
310031 496371 2
669048 720554 2
806005 825731 2
397021 712488 3
913292 957509 1
844118 975166 1
713819 885925 2
328088 702902 1
762487 801683 2
152727 309248 2
911644 931395 2
151973 976696 1
487683 973140 2
628208 930028 3
80564 938704 2
575085 793942 2
845508 853902 2
113832 330652 2
941883 991603 3
55087 761803 2
184309 439222 2
379557 976717 3
600616 933381 1
776970 996607 2
259865 612030 1
385848 705280 3
981417 982065 2
270435 548245 2
777684 939350 2
61097 633159 1
19990 725831 2
273764 515197 1
721180 955685 2
693188 928735 1
475864 990093 1
572434 758235 2
375486 585670 1
66290 703921 2
213353 678400 2
604678 622687 3
449207 481817 1
202090 629419 3
845457 994492 3
824746 866224 2
387236 441416 2
847241 894292 1
875849 880697 1
574333 777636 3
292350 750341 3
225734 885105 1
294162 907086 2
745495 814038 2
423878 568767 2
641148 922117 2
549032 677140 2
433989 586606 2
815014 975052 2
142836 164837 2
836819 898722 2
752346 773281 2
215171 330741 2
251492 878147 1
749476 848647 1
760027 877031 1
607148 803127 1
677677 805055 3
269256 718628 2
987302 987354 3
306014 362792 2
736999 892901 1
999626 999682 2
970739 988298 1
117786 212385 1
4938 475264 2
64171 413814 2
278979 895034 1
230532 827792 2
661313 981728 2
567646 997062 2
801384 845248 2
346641 924565 3
967717 985502 1
889082 976477 1
260188 917973 1
208448 326950 1
343955 728302 2
397995 996787 2
772954 926008 1
548998 609142 2
325035 967960 3
229166 626741 2
89719 413549 2
109198 620963 2
167696 761882 2
130766 909852 1
407168 671468 2
593383 896082 1
953338 963059 2
883459 902917 2
475302 878441 1
452720 495147 2
837374 980766 2
160965 412770 2
102746 610437 1
299129 942040 2
786343 858663 1
384478 591643 3
725986 729144 2
658015 732787 2
728261 952381 2
577477 722866 2
361892 955935 2
565818 929035 1
655288 856266 2
830929 968500 2
390133 398871 1
978265 994355 2
940340 995852 2
697473 813572 2
895228 939221 1
830817 903002 1
310234 802158 2
756837 904581 2
628614 872007 2
292267 633350 2
538844 941544 2
369 683949 2
522347 997486 2
41899 892518 1
785640 786591 2
87098 837178 1
990101 992666 1
400301 655111 2
131455 385303 1
111115 612129 2
244902 741432 2
445794 693903 1
600661 913524 2
568683 817463 2
837834 909880 3
676817 985274 3
224663 267608 2
198663 778758 2
164257 538198 3
605957 904964 2
199723 482018 1
629986 859399 2
86248 706893 2
296800 666230 1
943982 953759 1
655096 698142 1
923970 952271 2
511325 832661 2
109222 949051 2
138607 733907 1
921275 981490 2
789502 891419 1
484622 595877 2
620453 781242 2
748235 984811 1
358514 512354 1
41915 948592 1
768216 814296 2
877307 915043 3
473264 808244 2
956161 964972 2
69756 995455 1
252026 434208 2
59443 720917 1
630160 761188 2
994372 996017 1
684806 955683 1
46185 241246 2
743623 906027 2
460423 769208 1
74510 779622 2
999498 999955 1
933548 964478 2
333498 762289 2
475333 754613 1
204856 930247 1
889648 917751 2
916348 983875 2
244893 731710 2
320903 323833 2
41745 86929 1
207454 776645 2
191511 767257 2
2953 958382 1
753750 795162 1
622404 962273 2
496582 632159 2
859156 927723 1
557419 698726 1
212866 708881 1
592005 804247 1
904292 963005 2
298213 506512 2
738903 823589 2
210386 818184 2
322928 461630 2
549933 810272 2
261508 264958 1
496297 549712 2
696004 698421 2
337574 736749 1
318537 623498 2
19447 822254 1
240923 520525 1
597191 636298 2
556089 637503 2
400315 710301 2
4957 381127 1
854695 983186 1
976491 984300 2
510872 534788 2
61419 75344 3
733528 879100 2
925833 934458 2
757602 929408 2
413433 938112 3
106776 381442 3
968915 991973 3
544662 893804 2
341332 753858 2
669611 783172 2
255074 895192 3
727320 913275 2
678130 809323 2
779807 853082 1
564446 859915 1
5583 618316 1
148663 896929 2
539757 739211 1
782054 906236 3
267704 374586 2
224092 970582 2
616901 971956 2
43962 448343 1
597951 689685 1
459023 481684 3
870299 970205 2
398470 747696 2
661723 722931 1
580306 918904 2
446392 705406 1
974724 997221 2
84774 482737 2
299701 530377 1
984492 989312 1
463645 702043 1
329799 876228 3
209014 474161 2
910823 913811 1
618491 826454 1
899106 957233 3
602422 726426 1
410165 553957 2
103135 968029 1
632198 711106 2
755434 755454 1
188396 914994 2
76167 967479 2
777389 952827 2
985516 987844 1
705200 977905 1
556051 938700 1
267155 554464 3
88816 357417 1
629169 975215 1
527555 970411 2
534461 697031 1
724803 849463 1
318425 796849 1
327250 760073 1
898079 979303 2
516959 888117 2
975457 985729 2
463144 733440 2
726203 980078 2
420517 763749 2
257510 492742 2
360850 834036 2
743489 873824 1
63824 66604 3
960884 997303 2
775654 925909 2
498068 527053 2
173746 975519 2
694351 752626 2
251033 532327 2
189632 437282 2
771245 976984 1
681386 750374 2
699928 818192 2
697792 836945 1
155168 904807 2
283126 999386 1
799272 996463 1
150879 569691 1
831219 875671 1
27442 904679 2
156971 914764 2
1351 173580 2
754507 973205 1
791210 896522 1
330077 670077 1
852209 875898 2
468762 521538 2
717594 997300 3
244589 889556 3
112391 978926 3
632602 981889 2
148291 834339 3
448916 853683 2
889039 895883 2
246746 640080 2
407795 502592 1
286035 947751 1
88894 547406 2
372730 794969 3
661561 679335 1
452314 928306 2
308654 379383 1
41589 80315 2
130552 399832 3
157137 781249 3
993660 998355 2
614151 995647 2
778391 844460 2
502196 576609 1
50484 709419 2
200182 779994 1
999847 999992 1
225644 398473 2
668307 781689 2
812758 841329 1
885581 989514 1
595848 763693 3
436131 811628 2
548391 569157 1
216151 750721 2
189998 197711 1
349653 905929 2
569521 650081 1
206779 782525 2
343504 673817 1
248116 612015 1
885105 985209 1
414765 444131 1
435565 948003 1
268605 950214 1
411887 690534 1
790571 835023 2
238219 769284 1
776995 910201 1
695211 721285 2
432286 639272 1
318851 852025 2
618207 816259 1
749476 843843 1
491810 602679 1
918412 960302 2
963542 978198 1
500827 688454 2
527212 638363 3
382918 745664 2
545334 594887 1
696391 965317 3
888436 957892 1
140160 661043 1
167102 389038 1
636106 712035 1
65578 564624 2
5194 904022 2
248252 550715 3
567153 606466 1
910020 975166 1
379522 636017 1
890670 979247 2
757437 785799 3
87707 716389 1
984216 996102 2
859679 944499 2
157984 402497 1
36737 990066 1
902412 948251 1
481051 814932 2
564898 866077 2
983788 999233 2
35539 386376 1
70143 497857 2
628058 686514 1
687023 906272 1
540131 882900 1
654702 691526 2
700211 989755 2
583235 997184 1
771123 797994 2
998703 999514 3
691856 826579 1
357 931371 1
230417 883674 1
451951 962443 1
752045 909923 2
227236 272623 2
275292 457202 1
669507 868082 2
998300 998760 1
520345 699520 2
58719 512638 1
823702 911484 1
221472 402694 2
903093 956714 2
376963 702936 2
721698 811320 2
181884 396346 2
5094 104769 3
946518 949009 3
789047 879713 1
601918 684781 3
66811 231724 2
592213 991084 1
734186 984866 2
94124 291892 2
604530 937648 2
279051 836185 1
953462 961289 2
921725 926814 1
842879 937903 2
578861 956451 3
703442 781124 2
627921 894542 2
983862 984764 2
215297 519032 1
949061 950795 1
526530 694759 1
127331 480450 2
394283 451282 2
708808 714184 2
123980 602035 1
909776 955806 1
725481 877654 2
826703 994805 1
442298 789334 2
2715 321362 3
760484 980698 2
570272 702383 2
745982 912963 3
359922 809497 3
270349 587532 3
19668 710448 2
494142 647029 2
984502 998325 2
985050 997916 2
969721 990800 2
76966 670976 1
221581 382109 1
749823 949469 1
129575 153333 3
608901 864062 2
203939 450804 2
985325 997336 2
262801 883160 2
744881 939081 3
476161 657763 2
894178 927638 3
634295 663318 3
45718 258701 1
877463 941051 1
675228 967238 1
88056 477940 2
663179 665171 2
641272 918478 1
902659 995307 1
798570 932477 1
306764 901341 1
505508 727808 2
147740 657320 2
182109 982577 2
407617 612934 2
968412 971962 2
191837 765470 2
570660 820600 2
455981 483692 2
646422 761233 1
146362 552996 1
718060 935834 1
319264 715276 2
427026 657858 1
54255 479525 1
336837 390062 3
881024 939487 2
303659 989323 2
288494 972170 2
965836 992830 2
810862 994791 1
985373 991385 1
997653 997875 1
68684 124816 1
258555 369659 1
484987 666078 2
399476 644220 1
587083 635892 2
884342 921119 2
386226 985483 2
364169 405795 1
421111 881797 2
74389 256859 2
579048 633500 1
158254 465584 1
908816 978539 2
470567 764210 3
803267 921561 2
14127 508912 1
47404 802640 3
796472 932143 1
585516 833679 2
22604 429993 2
668790 738899 2
275250 550523 2
489858 686327 1
664667 828030 2
711776 773719 1
236013 714416 2
814689 918874 3
298887 933265 1
505841 816593 3
599263 601647 1
977253 990360 2
581433 704025 3
897095 966740 1
817002 940585 1
565095 628842 1
643385 752249 2
631725 811740 1
21052 832251 2
364182 530734 2
49941 688543 2
918387 971391 1
956385 985436 1
905976 929095 2
903243 970839 1
928536 943460 2
613011 954473 1
627093 733811 2
895580 909611 1
101192 291100 2
550129 777764 3
474280 778299 2
535379 812122 2
709259 892162 1
871502 905140 1
383603 509354 2
652822 775371 1
876266 995331 3
675208 836178 1
37893 970268 2
578871 813649 1
720190 874622 2
209734 644830 3
681394 685915 3
994112 997245 2
339928 465496 1
982612 992081 1
77069 310158 2
629456 954764 3
63375 377218 2
780391 808392 1
655416 863977 2
522675 603324 1
788986 892767 1
835320 888067 3
547851 950153 2
802336 991053 2
824276 940921 2
340677 652071 2
179131 447377 1
449462 489104 2
821426 940040 1
618907 931235 1
512706 579965 2
509130 787613 1
842269 883656 2
227125 482715 3
857326 974287 3
358117 609848 1
676028 737547 2
707530 944674 1
281870 484641 3
837318 863474 2
424427 849953 1
102312 653649 3
3558 825549 1
760979 954959 2
930376 983642 1
408778 743840 2
95180 991508 2
661014 846143 1
989834 994292 2
73794 405305 1
173911 505342 3
993972 996716 2
191751 434615 2
206053 597043 3
941441 994943 3
185717 985549 1
615058 802904 1
62312 696195 2
279102 996685 2
354233 616595 1
885637 893773 1
655102 848564 2
89121 122444 1
509445 753159 1
92687 576896 3
694557 908453 1
145478 214467 2
317769 955625 3
48084 200503 3
633333 777824 2
75197 257667 2
35860 258051 3
521278 651120 1
922908 990407 2
56439 428878 2
481669 711603 2
688448 742094 1
341058 824017 2
953703 970320 1
692346 753897 2
908233 937482 3
913444 949704 2
207713 447604 2
804178 940119 1
852416 921569 2
715389 722576 2
906241 984966 3
265435 681486 1
415331 480424 2
467281 750105 3
560531 705178 1
539927 841874 1
111460 298499 3
564632 764376 1
605523 720389 2
118817 183195 1
25877 939406 2
367293 869042 1
592845 975388 2
882055 921133 1
581651 764837 2
278905 337438 1
334749 966681 2
459752 639433 2
798512 810255 3
628088 993908 2
425258 581130 2
875441 882700 1
457990 946759 2
754499 934676 1
185759 210097 2
735434 807906 3
166836 611683 2
559732 718281 2
627511 929710 1
15055 767571 1
415221 830993 2
794911 891202 2
590093 594767 2
111521 546263 2
377250 453722 2
769055 854219 2
856818 891768 2
887751 893080 1
220400 423847 2
427906 597407 2
160937 813584 2
866656 878721 1
932107 950433 2
443244 849177 1
834319 884088 1
499723 565784 3
647467 816222 2
484874 879485 2
294299 811773 1
914267 935726 2
223161 239853 1
446073 630475 2
484018 498061 2
535921 655208 1
953368 981510 1
143929 754387 2
662977 763548 2
775101 871717 2
166274 202641 3
413475 984839 1
410143 929314 2
536210 850679 1
517809 562340 1
377889 824266 3
452061 815153 1
867783 872230 1
818492 906334 1
336065 465425 2
726426 757143 3
836453 991008 3
188248 732129 2
386039 420417 1
235782 970092 3
585596 737260 2
449530 624115 1
258883 555586 2
239983 936808 1
28355 229071 1
648133 911789 2
40203 811370 1
903327 957544 1
879281 955862 2
257950 334036 2
556948 617355 2
847139 897432 2
182179 977494 2
768976 819363 2
887571 992339 1
90736 594755 2
753280 795947 3
233552 922891 2
427028 571973 1
611745 685284 1
640786 752167 3
242460 334042 1
670048 850830 1
681140 930096 3
666968 970973 2
737691 760164 1
196791 727291 2
869911 966466 1
32491 598154 2
6846 656808 1
239476 733248 2
288410 889732 2
429981 696981 3
241945 801609 1
150023 870383 1
412057 752426 2
971081 986291 2
358346 673500 1
55943 723785 1
868559 960803 2
484134 499016 2
890098 914217 2
403268 461111 2
416526 711132 2
894974 993775 2
950559 987378 2
418130 832463 2
389047 563290 2
438208 894741 3
197923 595829 2
358492 513178 3
961659 982567 1
747531 771682 2
32167 953594 2
467612 771449 3
300214 862787 2
504013 875441 2
13500 869952 2
85024 604703 1
578896 608050 1
270818 352482 2
484050 563188 1
863837 983274 2
169830 190197 1
30427 851662 3
538238 973954 2
665341 788600 3
377292 536753 2
176185 605446 1
170128 328056 3
237873 402007 2
285878 895754 1
687483 958950 1
798754 929385 2
630085 811958 1
284808 690018 2
891298 977082 2
302094 550098 1
397419 670763 1
661556 965511 2
860182 861680 2
716352 743405 3
895697 919337 2
140627 980286 2
179463 372525 2
306262 842175 1
534177 603641 2
453361 456654 1
50915 192821 2
968649 985464 2
255375 747795 2
462366 748862 2
979316 988679 1
576922 647272 1
37093 919079 1
584903 853298 1
319754 745014 2
205734 907270 2
582206 785729 3
420198 612514 3
183492 451497 2
290073 946712 1
959390 984406 1
591145 750297 1
824887 970689 1
159216 229511 2
34262 988413 2
368923 909013 2
255522 655592 2
758928 802480 1
707744 861330 1
36433 660851 3
655165 673096 2
446979 624392 2
289049 716626 1
541651 958485 2
934405 994522 1
352725 530513 2
397035 698156 1
645861 875862 1
713472 807843 2
813679 845755 2
258426 382493 2
65774 422720 2
495963 963349 1
604686 921156 1
763028 853687 1
541932 829148 2
745177 791767 1
996921 997337 1
842142 850561 1
484661 590598 2
974475 996782 2
432159 974525 2
385661 543478 2
78537 606824 3
731014 923044 2
864332 887572 2
382002 734810 2
783795 926644 3
769532 779266 1
354926 360051 1
454562 712289 1
145977 379910 2
284328 976938 2
6636 344819 2
21567 753446 1
841561 876345 1
475239 656156 1
972457 986965 2
947794 968765 2
861245 899100 1
771542 934075 1
561882 888266 2
689122 884989 2
200451 917896 2
456399 700859 2
59673 897243 1
511961 889491 2
626378 776003 2
544661 729996 1
293002 326134 2
204397 260078 3
257101 264725 3
352481 911576 2
372200 603304 2
770597 880427 2
642005 959975 3
283269 837334 2
268753 797535 3
840074 873488 2
939627 948567 2
300256 336871 2
463922 466667 2
626014 728241 1
918254 921160 2
106130 735229 2
365506 407103 2
982312 996652 1
584567 916849 3
214072 732266 1
945840 953689 1

