10000 1000
1588 2343 3
1321 3892 1
6665 8466 1
1372 7192 2
4203 8407 3
8733 9801 2
2064 6610 2
4254 5491 2
3805 8324 2
5043 5074 1
8490 8718 3
3167 4189 2
6034 9103 2
813 4837 2
5357 8907 1
7623 8814 1
2303 9231 2
3778 7837 1
6718 6890 2
2544 5754 2
68 8489 3
5489 9418 2
6927 8250 2
659 4026 1
9332 9550 2
3653 7529 3
390 2282 2
9674 9797 2
8590 9198 1
6575 6671 2
3747 9281 2
2341 4211 1
1015 2092 2
3384 9295 2
4219 9378 1
2253 4625 2
9319 9587 1
691 9599 3
2082 5646 1
203 2224 1
2568 5570 1
1779 5966 2
8796 8877 2
2239 3419 3
2737 9783 1
3056 4877 2
3223 7679 2
8343 9286 2
9433 9900 2
8181 9899 1
3357 4580 2
1147 8569 1
2648 6577 1
5595 7042 3
8269 8789 1
1345 9273 1
6948 8248 1
3576 7959 2
1172 3602 2
9611 9615 3
3830 8611 2
1295 7742 2
9822 9957 2
8504 9458 2
106 7743 1
2156 2363 2
8605 9947 2
9621 9886 2
9917 9936 1
5640 7104 2
9595 9641 2
4852 5209 2
1379 2762 1
1163 2035 1
1754 6708 2
8757 9991 2
2458 5439 2
4026 6225 1
5295 7982 2
4617 7090 1
7815 8605 2
4367 7107 3
8313 9251 2
160 7616 3
9391 9469 3
3829 5768 1
9283 9567 1
2435 4578 2
3164 7106 1
7036 9610 3
3994 9850 2
7020 9763 2
6672 7988 1
1750 2505 2
8863 8928 3
6043 9002 3
2209 6158 1
9684 9732 2
1010 8022 1
7710 8831 1
1677 3537 1
6667 9858 2
6913 9403 1
1967 8454 2
3975 8778 2
9783 9974 1
1629 4615 1
9553 9662 2
9727 9787 2
2231 2697 1
8584 9945 2
324 696 2
8909 9568 1
1131 4624 3
4349 5830 2
5673 9820 2
7874 8955 2
5946 6737 3
8104 9631 1
8197 8809 2
6795 8880 1
1243 9505 1
9071 9527 2
8046 9770 1
3258 3716 2
5430 7933 1
4420 6301 1
9249 9492 3
1156 1807 2
9065 9682 2
8005 9198 1
3925 4488 2
3885 5589 2
546 9101 1
9425 9750 2
204 6570 2
4018 4455 2
4631 5060 2
3793 5908 2
33 3935 1
5341 7557 2
7983 8194 1
5846 7676 1
251 4164 2
4344 8351 1
3606 9059 2
7624 9372 1
2426 9762 2
9837 9873 1
6850 9398 2
4709 8455 3
2789 3364 1
7112 8526 3
1648 2211 1
4741 5703 1
3412 4941 2
6972 8494 1
2440 6807 2
6873 8083 1
3473 8227 2
7974 8942 2
8298 9549 2
1204 3866 3
3757 7303 2
7344 9167 1
8083 8211 1
3876 6563 1
8098 9259 2
4261 9135 2
9837 9922 2
6295 7037 3
3225 5451 2
9879 9961 2
2563 3823 2
6895 7131 3
3640 4480 1
8220 8837 1
2275 2328 2
3072 8837 2
8186 8443 1
3010 9017 1
2777 8207 2
4043 7531 2
7960 9656 2
4503 7380 2
5077 8828 1
7075 7492 2
1941 9170 2
3380 4328 2
5481 8928 2
4658 6169 2
9058 9731 2
7039 7470 2
2001 7647 1
8801 9131 2
7790 9327 2
3947 6202 3
6805 7983 1
4902 7914 2
2815 5416 1
9174 9926 2
2041 8946 2
5274 9411 2
3049 4169 1
2810 6497 1
5517 6633 3
1776 8433 2
3964 9808 2
2267 7809 2
6281 8683 2
3653 3909 2
4519 5835 1
7907 8479 3
1593 2718 1
2027 2394 1
856 5089 2
5988 7996 3
4398 6330 2
991 8052 2
3724 5227 3
9866 9882 3
4867 8156 1
3381 4852 1
921 3576 2
9881 9923 2
9964 9968 1
6697 9486 2
2547 5692 2
6144 9527 3
1864 1906 2
6401 7971 2
9135 9752 2
1170 7880 2
7164 8094 2
2717 5591 2
7032 8257 2
9876 9915 2
4502 7689 1
2421 4579 2
6129 9150 2
5260 9087 2
2955 3882 2
2980 8915 1
3828 5591 1
5204 8448 2
5051 7334 3
3540 6161 1
963 6548 2
3520 7349 3
6784 8701 2
2086 5284 2
8111 8551 2
8352 9727 1
5798 8101 2
4086 7200 1
4129 6944 1
2485 5945 2
9905 9958 2
2060 3300 1
3312 4292 1
8196 9439 1
8884 9123 3
5723 6604 2
4358 7069 2
3654 9731 2
6602 8293 2
9491 9656 2
9695 9854 2
7047 9221 1
921 1954 1
2618 2759 1
7164 9983 2
5208 9722 3
3190 9147 2
3341 6256 2
464 7743 1
1682 6069 1
7660 9780 2
4589 5344 2
543 6320 1
8791 9226 2
9938 9983 1
1426 9072 1
811 7314 2
8627 9164 2
1564 5897 1
453 4018 2
7947 9746 3
6356 8018 2
906 5253 1
4260 5356 1
8583 8767 1
1464 3071 1
3054 7597 2
1218 2944 2
508 2005 2
5357 6344 3
8907 9299 2
5150 8207 3
1841 2379 2
2364 9363 1
7859 9620 2
5383 9220 2
4127 6888 2
4890 5618 3
9912 9982 2
7948 8900 3
8803 9870 2
8549 8703 2
6080 6573 2
8049 8258 3
9407 9504 2
1766 5554 3
7065 9037 2
1417 3960 3
6213 7566 1
2121 3137 1
1579 9047 3
7437 8819 2
48 9989 1
5344 9848 2
1184 5062 3
868 1061 1
6678 8519 1
5110 8364 1
4898 5839 3
3562 6956 1
7749 8757 3
635 2134 1
5880 7362 2
56 6641 3
3624 5904 1
8437 9324 1
1427 8055 2
9134 9315 3
7636 9534 1
8183 9615 2
8677 8726 3
15 8431 1
9540 9755 1
1140 6612 2
1565 7656 2
8632 9828 2
8378 8419 1
6983 9307 2
3352 7826 2
3585 6585 2
969 2750 2
2937 6292 2
6778 7470 2
585 6088 2
9863 9978 1
5605 7600 2
1954 6320 2
935 1418 2
4122 9944 1
6506 8459 1
6218 6538 2
4437 6627 1
592 5930 2
7539 8550 2
528 4108 1
3883 8067 2
388 7847 2
2605 4709 2
5476 7171 3
341 2560 1
4910 5315 1
8862 9249 1
3907 6802 2
9120 9277 2
7100 8388 1
9269 9767 2
6707 7392 1
8090 9038 2
553 4459 2
2330 3305 3
4728 5166 1
2228 2934 1
1669 3613 2
246 2195 2
7728 8286 1
1045 6248 2
942 4879 2
9425 9465 3
7566 9991 2
4083 9287 1
8331 9479 1
1369 3323 3
728 8154 2
767 4138 3
9809 9837 2
2436 4010 1
1821 7038 3
8221 9009 1
6192 6694 2
4199 8529 1
5235 9541 2
851 4374 1
7536 8914 2
4174 9424 3
9837 9937 2
7993 9851 2
6131 9753 1
7413 8797 3
4386 7542 2
6190 8409 1
4214 8575 1
3017 5841 2
2965 4981 1
7905 9297 2
2076 8328 3
2418 7163 2
8538 8747 1
7140 7786 2
2792 5714 1
6722 7600 1
5045 6997 1
5038 8412 2
9083 9955 1
1858 6724 2
4839 6197 1
5674 8712 2
6948 7302 2
3933 5237 2
1892 8779 2
6028 7439 2
3748 6530 1
3506 4264 1
9742 9902 2
7032 8803 1
3460 6021 2
2576 9259 2
7920 9311 3
5751 9112 2
4837 8212 2
5038 5263 2
9546 9609 3
386 2941 2
2511 9257 2
5771 9374 2
8786 9617 3
5599 6029 2
1345 8566 1
402 2033 1
9297 9544 2
1257 6102 3
6374 7068 1
4405 9432 1
7911 9577 1
3887 9822 2
8275 9838 2
6993 8931 3
1473 5233 1
1075 6377 3
3294 8170 2
778 9716 2
5493 8125 1
9956 9980 1
1793 2395 2
2416 3162 2
9602 9812 1
3383 9376 2
3402 7375 2
62 4500 1
6540 6791 2
4015 6800 3
8279 9740 1
5819 8845 1
6101 9627 2
407 2698 3
7041 7150 3
5952 8350 2
395 9467 1
9094 9822 2
2252 6560 3
8122 9441 2
9584 9696 2
6856 8668 2
2784 7279 2
1203 7270 1
9660 9885 3
8433 8812 2
2522 4648 2
5460 7166 2
4161 6051 1
5795 7140 2
1203 8252 2
2915 5348 2
6017 9103 1
2954 9279 2
9777 9877 2
9453 9911 1
3747 6066 1
3367 4734 2
7852 9728 2
5540 6804 1
1212 1869 1
6345 9705 1
5995 8737 2
2569 3796 2
2760 9527 1
4550 8733 3
6034 6593 3
7255 8567 1
6036 6914 2
5877 7621 2
852 992 1
5219 7501 1
5871 7236 1
4638 8830 3
7343 9996 2
5218 7728 1
7592 8003 1
254 4293 2
7334 8673 2
6669 6728 3
6993 9975 1
848 5221 1
3499 4235 2
4921 6403 1
1287 4504 1
4951 6482 1
1940 2389 1
7723 9658 2
7793 8371 2
3936 5441 2
6075 7232 1
9853 9904 2
5840 5946 1
3914 9601 1
8801 9814 2
8494 9022 2
1617 3876 2
9475 9767 1
1553 5694 2
9910 9941 2
1059 6287 2
5927 6519 1
1037 7523 2
573 6191 2
2598 7296 1
838 1920 1
8610 9730 1
4607 8854 1
5520 5988 3
8593 9875 2
6166 6412 2
9553 9696 1
7139 8769 2
6673 8049 1
8664 9240 1
1186 7826 1
894 9690 1
5888 9370 1
6019 6506 2
2667 7437 2
321 9837 1
94 7226 2
3788 9366 2
6683 8358 1
8165 9952 1
4720 7513 1
5799 7394 1
1252 9357 2
8796 9580 1
1494 3203 2
324 1320 2
3807 4492 2
4449 6653 1
8209 9529 1
9884 9926 2
8090 8105 1
2555 6314 2
8416 9822 2
7949 7986 1
5632 9955 2
1901 3951 2
2885 8647 2
2780 5673 1
4253 9281 1
7594 9984 1
8787 9929 3
8994 9153 2
1435 7919 2
9615 9779 2
9476 9980 2
8003 9028 2
7003 9335 2
1950 7993 2
9963 9997 2
6816 7814 1
5140 5720 2
9150 9629 2
3587 5382 1
9871 9938 3
374 2221 1
436 1693 2
5311 6251 1
2225 7861 2
7826 7996 2
136 2666 1
2072 8683 2
8560 9743 2
7171 9896 1
4426 5692 2
1713 8960 2
4909 5558 2
1847 3131 3
3037 8412 2
2360 3795 3
2515 5426 2
388 2109 1
997 2447 2
158 6464 2
8902 9958 2
7674 9976 1
797 1345 3
1228 9579 3
3646 8302 1
9827 9923 3
9 7088 3
6341 9403 2
8917 9388 1
4983 9643 3
8936 9237 1
5922 6286 1
8159 9274 2
5225 7018 1
6845 9081 2
8777 9146 2
4773 7439 2
9622 9836 1
3766 6490 1
69 7828 1
4373 9534 1
410 5461 1
131 7082 2
2744 8579 1
1711 2707 2
9787 9903 2
1980 4822 2
4035 9615 2
2471 9322 2
6925 8052 2
1807 4573 2
6530 6644 2
9131 9325 2
8280 8687 2
5452 9917 3
1613 3810 2
6506 8656 2
1802 8255 2
1907 4486 2
616 1310 2
2513 9110 2
5655 8185 1
2385 4045 1
5198 9554 2
1611 2620 1
8313 9340 1
6358 6427 1
6830 8167 2
9380 9384 2
9102 9897 2
3867 7772 1
5581 8495 3
9322 9980 1
8989 9003 2
7426 8972 1
6190 7719 2
7636 8597 1
5241 6109 2
7038 8932 3
4328 7656 3
6296 8917 2
557 4174 1
6619 9973 3
9840 9904 2
856 8615 1
1929 2303 2
5450 9151 2
3323 3741 2
2190 7573 1
4288 6901 2
8513 8543 1
6965 6966 2
506 9995 1
6297 7516 2
945 8826 1
446 8452 1
4010 8157 2
856 7393 3
1006 9791 1
6484 7060 2
8809 9090 2
5373 9913 1
9123 9864 1
5612 9894 1
5575 8957 2
1738 9964 2
7635 9715 2
3999 4209 2
9389 9486 2
9627 9671 3
6285 8671 1
8183 9571 1
2265 7331 3
5595 9500 2
3924 5773 2
1773 7240 2
1440 6987 1
8659 9874 2
4417 6900 1
8702 9205 2
1323 2068 1
4102 8103 1
1522 2527 1
4788 8145 3
2331 8136 2
8479 9307 1
4893 7564 2
6383 7460 1
7123 8926 2
363 1931 3
6175 7784 2
6903 7984 2
7904 8033 2
8528 9294 3
4407 9453 2
675 1583 2
6535 8143 2
764 9852 1
3252 7914 2
3008 7166 2
9451 9735 3
2409 7927 3
6242 8027 1
9224 9373 2
7949 9436 2
4746 9389 2
6648 7711 2
6254 9944 2
5505 7683 3
8653 9114 1
3633 5194 1
5989 7209 1
1356 5037 3
7516 8227 2
494 2200 1
6737 8958 3
2841 7915 2
6155 9821 2
1233 8041 1
7079 9565 1
7877 8483 2
310 2615 1
1085 9986 1
4602 7289 1
7226 8254 2
9246 9754 2
2740 8537 2
2015 8440 2
6187 6410 2
1255 5514 2
797 883 2
5672 9776 1
9216 9472 1
2168 5523 1
9282 9619 3
9049 9680 2
1010 8615 1
6861 8952 3
2829 4139 2
5652 9495 1
1234 4639 2
9569 9727 2
6799 8462 2
1093 8234 2
2111 5347 2
6299 8007 2
3324 7829 1
7853 8962 1
8736 9742 3
9268 9888 3
4332 7646 3
6851 8245 2
8021 9408 2
1309 9032 2
4970 7536 2
2186 8372 2
8757 9323 2
9084 9093 2
2311 5674 2
4675 8845 2
6837 9359 2
2489 7328 2
4970 8990 2
6922 7772 2
8155 9433 1
6451 9932 3
8338 8717 2
5489 9135 1
3890 9115 2
673 9891 2
7776 8076 3
9246 9337 2
8758 9548 2
3714 7376 3
222 9287 2
8418 9406 1
9175 9640 3
5925 8964 1
3700 5328 2
3479 6975 2
2486 5543 2
184 3429 1
6922 9827 3
5131 8119 1
3344 3573 3
8980 9660 1
2333 5321 1
3052 9054 2
6403 6809 1
7207 7446 2
7983 9808 2
735 3060 1
9268 9959 1
3458 4896 1
2766 4641 1
672 4492 1
3478 6857 2
8311 8396 1
9594 9987 1
9646 9860 1
2430 8832 3
6220 9740 2
546 3330 2
3276 5956 3
2240 4996 2
2360 7468 2
5654 9623 3
6341 6421 2
4048 5683 1
932 9001 1
4821 9144 3
9720 9915 2
8158 8923 2
1860 7187 1
8033 8321 1
9371 9640 1
489 6844 1
3537 6275 2
9073 9227 3
6966 7179 2
8791 9257 2
1968 7968 3
9571 9944 2
259 8963 2
5346 7589 1
4360 6641 2
2658 6032 1
3862 7223 1
1614 5182 1
5113 8153 1
5813 9766 3
8121 8346 2
7392 8138 1
6604 8248 1
6366 7637 2
1253 8872 3
7162 8232 1
1724 4351 2
8651 9358 3
163 7817 2
3044 9587 2
1477 8614 2
7329 9738 1
7262 9511 1
1807 6855 2
3220 5982 2
924 7926 1
7089 8926 3
8860 9130 2
1747 8461 1
8255 9564 3
4084 9678 2
2330 6547 1
533 8522 1
7699 8947 1
7230 8643 1
6909 7545 2
4476 5488 2
1223 8763 1
9144 9237 1
4920 8696 2
2891 3200 1
7229 9277 2
5567 9986 1
2958 5895 1
3407 7814 3
6806 9628 1
9290 9823 2
1477 3436 1
1314 6714 2
6404 8915 2
9815 9911 1
4023 7466 2
541 7786 2
8960 9509 2
9901 9924 2
3376 6906 2
7362 7413 1
6326 9508 2
4150 6109 3
973 5685 1
6610 9187 1
9741 9806 2
2099 5222 1
290 8443 2
1677 2196 2
5550 6290 2
6787 9796 2
5931 7975 1
5828 7641 1
5954 8773 1
5324 6076 1
7057 8366 3
305 7596 2
412 7053 2
9239 9675 2
7851 9401 2
3391 4585 3
7707 9966 3
4877 9773 3
5055 8182 2
5013 7000 2
9792 9798 1
6541 9051 1
729 9886 1
9904 9914 1
2011 6037 1
1306 2513 1
4728 5231 1
1582 6408 3
4300 5107 2
8268 8464 3
2812 3847 2
6266 9285 2
2418 5636 2
9960 9974 2
3564 5919 3
9655 9680 1
8000 9023 2
4 2797 3
1834 5798 2
273 8625 2
3587 4186 1
1254 1973 2
8027 8058 1
8022 8662 1
3265 7516 3
4435 6985 2
909 3945 2
9758 9958 2
5822 5935 2
5216 7088 1
985 9195 2
8611 8894 2
7993 8490 2
7521 8442 1
308 6516 3
4193 7978 2
9057 9681 2
4486 5678 2
9944 9968 1
5373 7311 2
688 3896 1
8226 9822 1
5336 5971 1
3103 8651 2
6118 6711 2
5976 7810 2
2619 3673 1
3448 6160 1
4308 6047 1
7603 8576 1
8074 8705 2
9824 9907 2
7146 8304 2
8259 8505 2
2504 9548 1
8464 8574 2
4717 8325 1
1600 7037 2
3108 7189 2
5662 7733 1
1413 9056 2
6165 8919 2
8721 8906 2

