1000000 3000
131726 931178 2
718261 824481 2
863618 925570 1
918393 974403 1
660740 912425 2
114259 459351 1
240678 676220 1
746110 951859 1
3772 670951 1
113188 526595 2
297965 410213 2
844578 989257 1
429498 989846 3
205755 251630 2
910416 945149 2
447811 567214 1
216096 658634 2
798454 884936 3
752011 977744 2
353809 422916 1
596421 631634 3
288194 470640 1
965034 988272 1
988191 991352 1
636810 940704 1
585013 605380 3
944265 991069 2
731399 847215 2
320564 629600 2
537164 668001 2
786174 995494 2
479006 485700 1
282809 852030 2
774579 886694 1
701649 763384 3
884410 947976 2
831675 855015 2
689596 790772 2
219832 622017 2
964118 993887 2
735533 739892 2
715760 804898 1
906308 949941 1
976704 983065 2
323470 391078 2
649141 952602 2
265237 291426 2
866596 883442 1
285344 483645 2
746143 952212 3
403663 580231 2
67271 922495 2
796109 858122 2
776766 898935 2
770017 956489 2
511270 572072 1
770616 819047 3
557774 925729 2
638197 768355 1
524682 964613 1
554471 740507 2
863115 973863 2
674128 676245 2
700641 758677 2
187485 372233 1
682621 796793 2
561305 794809 1
964683 975413 1
293510 305313 2
854078 879197 2
964855 995682 1
672861 750706 2
256037 493820 2
899749 915240 2
963803 981907 2
252070 341246 1
460812 945766 1
411707 554723 1
824668 939405 1
651730 782251 1
260513 697114 2
344019 620727 2
837869 929053 2
321637 450293 1
703460 972692 2
822303 866437 1
974118 984828 2
268807 525911 2
724341 985093 1
35837 594772 1
57571 857695 2
57285 74535 1
591267 953059 2
475089 793067 1
734475 784452 2
305459 525655 2
43282 361703 3
835499 857529 1
818217 944972 1
810110 916095 2
228291 332115 1
795762 964080 2
81868 384425 3
782594 998700 2
152031 733520 2
568229 592650 2
620713 790868 1
585865 977455 2
954864 957102 2
866691 943418 2
773679 783928 2
191168 610009 3
474588 590664 2
19617 819861 2
136793 137838 2
408525 578464 2
756392 959921 1
821276 897798 1
131869 184611 1
281427 299695 1
340750 875133 3
597957 745779 1
97137 908590 2
149085 236426 1
539739 975174 2
581091 839370 2
92672 840096 1
638884 772839 1
299995 783769 2
75242 370111 2
91412 686833 2
202113 639317 2
698782 790747 2
286824 589810 1
10720 70395 2
987581 999233 3
344469 792316 1
192760 846008 2
180655 344213 1
327891 470400 1
67717 338590 1
21410 169958 3
7298 163076 1
151732 476127 1
20642 274389 1
253157 479617 1
519822 837412 1
520959 778770 2
392941 747524 3
201532 556374 1
438377 653962 1
463660 938800 3
862524 878375 2
756461 984179 2
188870 312724 2
100299 942167 1
989276 992550 2
194305 845408 2
20278 475417 2
376024 501215 3
603946 876529 3
232614 834520 1
616274 692870 2
474269 742876 2
175761 250182 1
927249 959981 1
276887 987821 1
769532 883595 1
268937 422480 2
727213 754823 2
140509 518893 1
9231 246228 1
873221 971783 2
799748 813433 1
332620 890081 1
812369 902166 1
104078 115464 1
121742 178132 1
100327 927764 1
730628 766027 3
484842 607516 2
667734 722009 2
417508 619184 1
933269 968217 1
782078 797478 1
457603 657066 2
120881 514577 2
769283 975926 2
818137 951918 2
654368 955685 1
617002 833728 1
821098 863124 2
357682 436570 2
320511 372345 1
59899 585111 1
27331 52309 1
367523 852119 2
323382 332278 2
325719 477632 1
929257 968785 1
900859 919525 2
1152 45974 1
74699 114942 1
712788 725386 3
56814 678466 2
765210 904560 1
133605 363341 2
611104 948508 1
431917 504339 3
481715 596761 3
414134 419893 2
961866 978163 2
469605 556212 1
601041 891019 1
388740 616458 2
222936 658624 3
538827 563139 2
305783 500424 2
471793 725305 1
745306 966903 1
484531 600770 1
590749 923790 2
556307 962341 2
797043 809289 2
947287 960099 3
762088 976400 2
804915 811150 2
77554 658474 1
926771 962607 2
217390 818326 2
11941 316256 2
98530 371314 2
157257 817151 1
440583 872042 1
643734 863794 3
619170 952782 2
302301 966148 3
308542 914542 2
187224 457136 2
545470 743375 1
933760 966198 2
946615 983148 2
526181 765412 2
158129 357803 2
583274 818707 2
583707 981142 1
636170 915396 2
615306 750357 2
921493 931252 1
412358 759241 2
727530 749471 1
693108 731231 3
697243 776299 1
705492 901019 1
737626 938434 2
964773 976229 1
612798 689226 1
196239 993790 2
481267 720271 2
84532 293217 2
224255 896981 2
994456 995258 2
999377 999834 1
730939 806376 3
773428 994206 2
32515 978888 1
619658 832342 3
799805 833343 1
871550 993909 2
199117 663037 1
994538 996574 2
632925 945443 2
5071 314007 2
793828 917020 1
862889 880469 2
794887 946618 2
493082 844671 2
297699 698174 1
847894 960708 1
118365 443998 2
869901 992666 2
151359 745432 2
303101 377691 2
185494 784975 2
889026 967107 2
893047 909258 2
940463 984881 2
24945 833078 2
146393 294360 2
355419 455198 2
985617 995203 2
690157 895110 3
570229 596544 1
606481 832845 1
719191 986512 1
522009 608194 2
408931 634515 2
118580 991604 2
802754 835127 3
727641 963644 3
603008 818896 2
227335 768406 2
937159 946011 1
51768 711593 2
245535 288753 1
438003 925829 1
307627 523735 1
211344 272391 1
47595 338572 3
339791 918815 2
762860 936675 2
819146 988215 3
624173 654039 2
349714 865954 2
236272 318122 1
61245 696111 1
33656 174280 2
613053 695953 1
379710 566533 1
670258 761955 2
526016 532442 1
342066 802974 1
990367 995343 2
74917 553738 2
174316 887160 1
555179 738432 3
505617 964234 3
348127 524801 2
677479 702531 2
371342 701594 1
304001 493206 1
553096 795626 1
799600 869743 2
25884 258344 3
955756 961235 1
736181 876500 1
886525 959048 2
633827 687062 3
606305 796465 2
614006 817196 2
351006 414056 1
126795 957956 2
74974 290200 3
69605 799870 2
910507 925462 2
962236 962462 1
35562 174716 3
388168 394562 1
809551 816865 1
867947 911286 1
571222 995940 1
758914 983166 3
769250 815642 1
649731 759749 3
514694 927356 2
524515 636730 1
839648 924919 2
578521 992532 2
331742 852934 1
491083 857762 1
88936 273337 2
156084 958058 1
855806 983591 2
865871 946131 2
596995 919691 2
471125 776094 3
694386 954440 2
88931 334052 1
744891 994409 2
303089 819107 2
998837 999813 1
955091 984122 2
8429 382688 1
330736 974497 1
254301 485914 1
678611 918832 1
574865 704494 2
214609 554720 2
940063 948865 2
374075 733660 2
300530 343223 2
70403 735327 3
988691 999434 3
417663 881631 2
613916 634417 1
692918 953912 2
399312 961818 2
379406 965101 2
995734 996803 3
764537 946158 2
266032 941624 2
366322 957570 1
508522 859905 2
493081 512814 1
74483 510622 2
446800 921179 2
231943 911956 1
42843 612068 1
846489 999653 1
794264 901694 1
603708 730887 2
41768 406901 2
645195 991387 2
741192 922461 2
892391 929835 2
851051 894464 1
438006 798582 1
75273 155241 2
20079 848405 2
340914 766397 1
266277 748377 1
99585 822327 2
815311 943921 2
975956 981847 1
563636 868750 1
31256 416830 2
332884 621425 2
271768 789113 2
622242 875254 2
107123 225574 2
761790 907971 3
985212 992555 2
936888 938477 2
631399 807221 2
280155 719213 2
482504 654797 2
348246 978105 2
72653 960562 3
472902 903230 1
457618 506602 1
289412 369733 2
758586 999817 1
43587 63914 1
455453 675362 1
476542 754311 2
54807 921336 1
690982 768816 2
945540 960089 3
492204 643297 2
264258 747426 2
272654 716116 3
834493 922502 1
496975 799826 1
876102 882006 2
443270 870389 2
572473 600012 2
412105 581092 3
125253 284893 2
663697 673387 3
644155 996352 2
679552 929783 1
342548 890082 2
414115 425581 1
128794 913755 2
979152 984835 1
679171 979776 1
666965 738101 2
517660 892435 1
382109 781601 1
161388 642863 2
117622 635479 3
318369 373132 1
513919 916872 1
470471 758489 2
364988 678339 2
204982 505620 1
488548 599418 2
532230 880965 2
806679 860703 1
822693 869928 1
566211 804557 1
230168 990521 2
620131 848052 1
80149 902214 2
486030 632774 2
217381 223979 2
188773 327560 2
139840 962474 1
612326 667478 2
546108 599301 1
750678 929236 1
871163 950509 1
588295 884577 3
83182 737007 1
40158 734134 2
894229 960770 2
492175 703592 1
816289 923345 2
614367 821352 2
360324 641115 1
552802 874250 1
402975 691438 3
453543 467478 2
153652 569493 2
457710 498538 1
46627 318650 2
645826 927720 1
489777 792336 1
605513 658145 1
450349 928129 2
596270 762260 2
491158 533760 2
445966 972347 2
111507 332918 1
985685 988237 1
32935 156714 1
250045 791378 2
773120 955403 1
363424 863554 2
711952 760292 1
723256 897735 2
508492 819711 3
762164 836134 1
580840 895318 3
275931 563042 2
768436 972082 2
904512 975924 3
848624 865663 1
500162 992598 2
149297 445708 2
148460 666860 2
643890 888074 1
405864 585654 2
367284 794749 3
416094 961506 2
990636 993742 2
973642 994232 3
694409 801689 1
484648 985660 2
911529 997065 3
756921 868189 1
597907 958263 2
381219 871309 3
71556 428166 3
264663 694103 1
761629 890575 1
142796 533027 2
655845 755681 1
662909 681079 2
475601 816904 2
921769 961923 2
530667 790294 1
555669 997911 2
304189 754244 2
940693 962432 3
588821 779037 2
119963 363210 3
845603 959887 2
150154 766090 2
95310 460354 2
204874 332079 3
443214 610558 2
745000 868693 1
401428 743492 2
981509 996260 1
244841 344531 3
321603 698343 1
271285 429252 2
305138 995262 3
304063 899253 3
728860 873799 1
478290 631682 2
293780 779733 1
789403 944107 2
243774 977172 2
729485 743029 2
935749 997320 1
469200 902579 1
199157 845780 1
15599 630825 1
727391 743533 2
211704 414212 1
54118 582001 2
664132 815703 2
970641 994562 3
87276 287596 2
993380 993605 1
766577 831258 1
777140 985080 1
185130 921138 1
629196 817369 2
726220 890255 2
924368 956799 1
205450 506809 1
837475 846469 2
509084 730990 2
983940 987521 1
128049 467169 2
946714 980460 1
194190 837857 2
17553 411735 2
878432 965295 1
88202 369837 2
337604 867755 2
87350 977117 2
636507 716347 3
868275 892299 2
175706 248300 2
397375 876632 2
16634 124773 2
420617 662637 1
582711 681570 1
993116 997075 2
903603 948769 2
897035 929753 2
606709 940533 1
691319 788992 2
570774 617253 1
579129 813501 1
581913 673411 2
216854 729941 2
360486 736744 1
914513 918586 1
468588 575950 2
189351 494901 1
780335 907518 2
843341 924167 3
864937 866379 1
138760 338358 2
910759 983727 2
791642 910327 2
100440 920986 1
564593 711776 1
532848 787636 1
450701 851385 2
132229 260957 1
946606 975459 3
582083 672739 2
456656 564941 2
785142 831718 1
277328 854337 2
876902 927180 2
157173 436429 2
111991 743474 1
32924 706205 2
174898 956342 2
365120 927150 2
96408 323705 2
240822 544681 2
489955 958185 3
570239 765556 2
403389 966155 2
718175 719369 1
562336 717864 2
206158 269620 2
119347 294108 2
773334 787264 2
89674 350740 1
398828 819816 2
106417 412910 2
160758 461768 3
640426 901090 1
37062 808654 2
407830 813604 2
87249 943094 2
477644 527523 2
864696 917676 2
868510 971305 2
942639 985582 2
62863 364033 1
849340 944142 2
281754 291755 1
646797 721063 1
864853 951769 2
950849 957560 2
217181 659499 2
194500 362075 2
756312 788322 1
415091 591766 1
717660 849236 2
957127 968850 2
951671 961517 2
513763 546511 1
183036 934123 1
437646 751571 3
257002 824223 2
44003 210317 1
577354 801898 1
553274 859141 2
709610 913139 1
393013 494648 1
307902 481191 1
998921 999572 2
591405 808491 2
449499 973975 1
139275 826926 1
393121 886775 2
646286 777072 2
229752 800422 1
15256 702888 1
456515 859623 2
878954 952617 3
242815 318256 1
445355 690144 2
345881 671313 1
294960 979137 3
101093 794936 1
458959 633989 1
279332 444314 2
84826 162660 2
623474 780957 1
829075 847100 2
134578 503930 2
229528 972558 2
658444 948793 1
403638 553531 1
785944 887124 3
634099 685539 1
840139 986883 2
112044 412050 2
659441 984410 2
538290 925904 1
55828 161810 2
244622 373849 2
356653 652898 2
14794 425772 2
599014 673417 2
239625 511199 1
936076 996078 2
93854 501190 2
455025 683518 1
542385 943163 1
429975 787851 2
607644 684070 2
95516 504968 1
832229 901172 1
992688 996246 2
20782 195408 1
541864 598534 2
646455 758210 2
847752 849949 1
389298 691565 1
120766 330142 3
51514 745291 3
991321 997316 2
682490 846286 2
479015 638562 1
777011 784860 2
427362 930794 2
221868 357891 1
892851 998917 1
256549 322651 2
879298 970857 2
552925 577219 2
673421 940446 2
283065 354489 1
585419 765158 3
263135 692162 2
978282 989168 1
212867 896139 2
104606 487760 1
277460 351272 1
55620 783338 3
513793 913493 2
979482 980552 1
981877 985994 1
567192 690814 2
737011 737946 2
205715 538043 2
123377 526068 1
395877 680406 2
845290 955172 2
899092 984026 2
868636 869805 1
276797 918415 1
837576 964273 1
278065 615430 2
58319 446651 2
677501 960121 2
478270 951798 3
445011 904431 2
415498 756266 2
629478 961942 2
192994 365724 3
227674 417825 3
527875 994911 2
684909 838347 2
387084 631253 2
148678 931015 2
345209 811686 1
521256 800814 3
319984 604025 3
913638 994595 2
556131 954582 2
921676 937330 2
695765 821706 3
167140 470890 2
437867 605375 1
444576 661988 2
896423 971692 1
101873 771838 3
506436 985015 1
215125 461838 2
555433 811323 3
356162 390733 2
423788 559173 2
486850 630222 2
196933 385803 1
977054 999180 2
975744 986122 1
398910 993998 1
17200 424968 3
541461 938819 2
222234 231107 1
236223 642475 2
583931 589863 2
690728 953495 1
766615 946754 2
432823 941665 2
537372 931274 1
50381 763797 3
410684 720309 2
850339 988983 2
123521 509751 1
374305 545653 1
195394 627057 1
187344 809303 2
267995 948092 2
495605 874620 2
700247 817945 2
955830 989033 2
125431 213477 2
960892 968901 2
315081 646718 2
933513 947232 3
383688 433833 3
505832 622524 2
595123 772314 3
664873 724095 1
31284 794261 1
72076 690035 1
719282 871833 3
354905 357388 1
809675 841468 2
413655 866074 2
684422 933012 1
677333 765798 2
697496 753754 2
346019 547231 2
375329 677258 2
810484 944002 2
636960 755282 2
624813 940284 2
272060 908611 1
504409 719661 3
710434 906272 3
794361 796325 2
465235 607878 2
141067 741072 3
561207 956421 2
33743 837983 2
131385 913539 1
753990 974244 1
144412 634221 2
277866 511721 1
125813 188060 1
449318 464741 2
449952 724571 1
296076 776569 2
374782 453833 2
153014 579681 3
585316 685916 1
352126 993425 2
52703 123234 3
598295 674753 1
218779 451544 2
590597 808718 2
728679 957808 3
43964 564919 1
137689 729269 2
599412 924737 2
590637 697595 2
849618 917391 1
259883 417558 2
27752 217577 2
821867 887156 2
306066 683516 2
329487 757057 2
365024 847673 2
539978 801416 2
818775 946669 2
381357 666463 1
224438 450239 2
885617 978792 2
489377 515999 2
985232 986814 1
561900 990432 2
996829 997957 1
657657 896296 2
141837 602289 3
72300 441217 1
598398 958062 2
244600 724612 1
566027 995718 2
912193 934490 2
990913 997071 3
863118 970191 1
637611 987159 1
440483 687260 2
729525 880648 2
104651 918632 1
515867 841749 2
572484 992550 1
368370 637894 1
766006 931547 1
441076 713622 1
163889 904021 1
569465 840038 1
16713 468932 2
751978 905072 2
751809 873527 2
292307 678889 2
796659 853342 2
853047 993362 2
402578 872429 1
399807 617369 1
623802 625286 3
697632 778030 2
417343 481248 3
149002 769584 3
342688 800834 1
640208 881223 2
307280 468947 1
426913 456742 2
60992 743928 1
384271 922201 2
60821 81042 2
554644 943497 1
516001 541410 2
95961 282097 1
961765 962407 1
410159 606629 2
514774 563155 1
411306 547129 1
124088 544370 2
856649 862439 1
66788 163395 2
776470 845939 3
802090 894613 1
582289 826506 1
607700 685483 2
843993 864084 2
397591 965453 2
269318 379078 1
741698 862047 1
522134 543320 1
197379 335104 2
721282 843416 2
603177 728502 2
843120 984064 1
830066 892001 2
721938 784556 1
381878 654996 1
254426 580467 1
496158 842882 3
13577 901841 1
224363 568089 1
962839 965485 1
274430 628239 2
57792 888470 2
848646 981209 1
575822 641337 2
980666 998605 1
322673 326586 2
152434 701523 1
443081 663346 3
781269 954152 1
600900 614323 3
847767 965425 2
576334 821575 1
970804 977925 2
359883 573831 3
967547 970854 1
987481 992725 2
91036 433006 2
846241 859952 3
359746 718592 2
610447 980717 1
49354 162878 2
422412 960016 3
127638 987937 1
340236 960279 2
782941 838106 1
157308 547742 2
971433 980650 2
981098 998460 1
844727 969781 1
677970 956792 3
979105 998458 2
504946 739508 2
585738 958834 1
137202 827710 2
727615 748472 2
324930 625889 1
47880 91142 1
475798 697546 1
360671 591832 3
818295 878588 1
841116 864113 2
689261 733298 2
954415 994604 2
620390 752897 2
113418 840842 2
528596 765354 3
321262 805682 1
737915 863893 2
314968 500662 2
752657 942366 3
233624 501587 2
402585 813907 2
499531 757044 1
702301 901123 1
839214 892051 1
385434 476241 3
692065 866454 2
905 167994 1
290365 851792 2
895114 970953 2
785659 981595 1
668293 811811 2
137133 827644 2
623445 983967 2
230923 247801 2
67748 735422 2
336218 358287 2
133335 477451 3
545508 960694 1
495156 631902 2
925009 974304 1
700773 986051 1
505508 999253 2
459241 545489 2
653343 703404 1
113754 985648 1
356348 408054 2
654149 748505 2
129370 796286 1
626516 627599 3
225871 450599 2
707941 987257 2
924684 926942 2
363318 559181 3
387778 405499 1
348663 782469 2
550629 639532 1
661806 766430 3
229567 999955 2
233647 509187 2
263738 546016 3
103521 779437 1
740280 858604 2
206930 425698 2
442463 550050 1
207276 641721 2
451541 798602 1
923254 952318 3
723470 930636 2
317314 555438 2
288226 345345 1
991588 998629 2
213075 642887 2
941461 993611 1
176333 473468 2
895211 901034 1
925619 941691 1
847729 928375 2
703082 711966 1
351923 689026 1
824918 866280 1
99269 473478 3
71855 919814 3
678990 901325 2
212235 615543 1
723600 771044 1
881376 947263 2
159505 326427 1
689043 833685 2
843024 877278 1
548017 877054 1
905956 923820 1
464779 690389 2
325231 831776 1
231492 556972 2
464529 893965 3
466859 616981 3
692617 994822 1
893158 902259 1
789338 840464 2
509115 643513 1
762444 789021 2
560964 782845 1
433110 466828 3
967397 979142 2
355360 704978 1
128909 196484 1
643859 869062 2
997109 997172 2
613978 784490 1
636575 813452 2
862266 894349 1
199827 526622 2
837579 953296 2
584401 926789 1
765298 836924 1
5646 891386 3
997062 999311 3
678803 703645 1
560461 579618 3
350331 959466 2
308772 871701 2
698997 988671 1
108234 399398 2
211911 857950 2
436292 867469 1
372178 374625 2
102681 521951 2
789990 919815 2
888800 977230 3
699070 836412 2
577027 708516 2
568223 766488 2
201978 911738 2
935349 942402 2
819979 903960 1
891124 914361 2
639336 769102 2
56896 511765 2
627025 926371 3
811688 931360 1
611389 760815 2
441546 866696 2
498550 930042 2
829524 856995 1
996976 997693 2
195204 801650 2
99145 272977 1
859330 910621 2
821490 984941 3
530000 633859 2
884731 985523 1
337463 784211 1
63051 770742 2
246173 909379 2
685988 874504 1
427694 530354 1
199207 225925 1
693892 719496 1
976714 984623 2
760273 853324 2
544130 647086 3
287845 945184 1
552340 642395 2
765843 954258 1
611495 791865 2
120652 945248 3
743470 913690 2
956473 979163 1
47567 230159 1
652741 988425 2
363162 708952 1
435443 453898 2
972550 984341 1
540817 620809 2
557012 631847 1
492867 596063 2
190597 672265 1
206030 223972 3
475533 505976 2
760258 797726 2
847506 905696 2
916 369152 1
426241 757423 2
861608 989577 1
87584 595568 3
227885 714948 1
780298 949798 2
733492 800748 2
273656 607380 1
914418 997075 1
89897 970973 1
55525 836991 2
439978 445032 2
663236 766137 1
281944 487612 2
548741 905036 2
560784 734084 2
400043 633536 3
606184 933061 2
9646 451569 2
989762 996733 2
229080 342227 1
496009 562236 2
194964 301478 2
436086 888040 2
232873 800711 3
611525 944713 2
79604 902657 2
576911 839699 2
511677 788421 2
823393 830468 1
694259 909632 3
997788 999926 1
776081 877417 3
19859 638185 2
631613 708402 1
865836 942438 1
546823 569582 2
876273 877893 2
218231 935910 2
75479 836465 2
546165 738571 1
911861 924064 1
529854 684289 1
332931 566294 1
624589 922847 1
235576 482316 2
719639 815986 1
638691 900908 1
110895 586896 2
934671 994236 2
338004 512269 2
13721 666906 2
302742 719960 2
579353 767200 1
819169 820734 1
162031 483507 3
125277 728868 2
629913 936457 2
838463 954567 1
428797 702494 3
292836 592095 2
254015 481388 1
88387 780384 1
155404 453539 1
530555 891937 2
922598 976718 1
266905 449734 1
889706 934569 2
291828 649829 3
260386 998144 2
902357 949562 2
137306 343233 1
63424 499184 1
393081 793721 3
59015 279704 2
873273 999336 3
74603 578519 1
377760 576551 1
788281 899263 2
610919 841496 1
499683 742380 1
560746 848373 2
487049 848037 1
976021 987781 3
410213 983282 3
883134 956828 1
10238 785171 1
866493 866609 1
611000 751655 2
627736 977302 2
149542 486773 1
675276 823259 1
529368 719550 1
329088 663510 2
187089 815594 2
399724 510435 2
954980 959042 2
985990 990704 3
837975 866001 2
965667 972900 1
653536 871940 2
318832 659125 1
925248 976091 1
910667 910827 2
773335 907491 1
644646 882269 1
129500 653904 1
764850 900839 2
105183 110192 2
293964 506467 2
323247 942639 2
298759 678736 2
630905 870394 2
435411 636667 2
519440 675700 2
500214 967402 2
474049 858011 1
817720 818035 2
692683 865136 2
767746 783037 2
662988 712095 2
251199 986022 3
936009 958111 1
901319 955644 2
24827 987396 3
722475 854143 2
521044 933458 1
614189 929519 2
977338 996259 2
158264 954847 1
970697 983979 1
125316 485849 2
784811 906874 2
505559 535240 1
802220 948664 1
255354 815285 1
461515 905513 1
997565 997899 1
471248 744442 2
688540 989800 1
712249 718289 1
283140 896099 2
973339 990908 2
518854 578365 2
301989 532789 3
947098 991703 2
738330 799796 1
573319 592769 2
639623 961805 1
15924 754195 2
707694 945000 2
350479 878554 2
790205 932838 2
410309 871393 2
714387 812130 1
874587 975755 2
169162 916040 1
828624 869657 3
216841 516665 2
333994 709997 2
562105 608642 2
641386 675043 1
726018 773678 1
491682 646249 1
970638 994144 1
832406 980496 2
790921 983832 2
48099 605207 1
313861 937218 3
415197 802799 3
60892 140818 3
483580 634121 1
567286 772802 1
860162 991167 2
925736 950341 2
132998 972883 1
598279 671800 2
262877 280421 3
974861 994939 1
155394 389247 1
600934 988112 2
190349 191678 1
631669 969198 2
745676 933905 2
315428 479492 1
539492 612143 2
20110 967442 1
874123 959311 1
315202 394165 2
800650 985637 2
911698 947036 2
98054 549452 2
980013 995907 2
570796 575634 2
105567 107396 3
342795 641883 1
417352 935900 3
285883 640254 1
340173 410642 2
897114 909454 2
124551 265042 2
361226 620044 2
590092 746967 2
238137 595004 2
178126 405938 2
55243 990318 2
522735 842143 2
627401 788703 2
481378 935648 1
272071 700560 2
370368 499553 1
426285 758930 2
37027 148829 1
756390 998843 1
987921 991762 1
371411 568165 2
44277 709706 3
332273 586779 1
819241 909372 1
110569 915656 2
811274 821157 3
424303 674415 1
774417 775867 3
443480 831142 2
664041 727188 2
76087 517619 3
725504 955051 2
427477 472634 3
214020 433177 2
596967 840749 1
258900 565648 1
794820 991206 2
946624 989080 3
133828 648092 3
438619 479141 3
452794 590163 2
662847 776202 2
313984 746262 2
224061 386036 2
979800 997450 2
891106 904674 1
309854 515098 1
247941 635423 1
853335 860677 3
515037 993996 3
64185 839638 1
177100 503504 1
242196 799201 2
949867 998758 2
491285 637401 1
139281 280761 2
603707 880572 1
954633 957211 1
898082 951893 2
287142 796059 1
957470 958066 2
461170 580778 2
165065 624786 2
216388 521928 1
936894 990382 2
187531 922226 2
810496 944956 2
468523 836112 1
631390 715948 3
469451 658059 3
904334 973682 1
901729 981114 3
707280 847530 3
674951 813353 2
463363 868266 2
30632 141182 1
78410 765633 1
429764 585098 2
868427 920124 3
448653 633770 2
476246 721458 2
7687 248754 1
40536 156507 2
126407 672072 2
307999 922021 1
847289 985371 2
188483 929246 3
288205 393756 3
385579 941641 1
992239 998671 2
417406 641335 2
379409 970803 2
297454 950588 3
868281 957770 2
152139 496039 3
369523 767877 3
646636 842466 1
200121 854740 2
136058 846669 2
394114 676430 1
3135 620212 2
70849 993464 1
142435 719427 1
105606 109314 2
134175 499024 1
747529 906866 3
20499 137758 1
842504 847159 2
504902 523707 3
555366 836728 2
477565 569968 1
562426 844464 2
771117 782312 2
910460 964256 1
942924 946266 2
534336 974870 2
334773 652888 2
37499 338895 1
594414 870691 2
811371 878713 2
655886 811655 2
441564 705895 1
387023 512147 2
588129 760209 2
483689 943327 3
58804 657126 2
280998 677207 2
691588 998976 2
50277 72568 3
657112 937555 2
842535 968387 2
79217 776160 1
655216 781416 1
872679 874137 2
25553 968430 2
621906 658532 2
912038 935528 1
672042 820918 2
751175 816152 1
597514 939842 2
72933 353871 2
988238 997945 2
175080 352842 2
199850 373444 1
498053 587492 1
911502 958769 2
722178 980650 2
378581 657387 1
492449 583472 2
709781 871222 2
457588 478314 2
150729 394513 2
791909 898777 1
538081 623696 2
71475 331850 1
124547 575597 1
704148 879710 1
534947 833125 2
469152 553425 2
194744 939967 1
111808 653124 1
744004 894083 2
718545 915454 2
352215 744489 2
452949 874251 2
450935 830396 2
423182 431534 1
822589 891669 1
131535 333910 1
992778 998911 3
823186 890171 2
201291 979458 3
74214 327509 2
305870 838841 1
552811 654306 2
73710 962577 1
729250 756201 1
813365 919239 2
440680 821384 3
564495 991579 1
635261 867042 1
428182 528865 2
479673 862424 1
263181 928332 2
756482 936439 2
194867 449246 1
486644 735813 2
813737 901838 3
767423 853636 3
467883 727217 2
167054 329076 2
786643 895811 1
651328 917297 2
67679 444782 1
346554 689230 2
20466 447139 2
504647 538956 2
656799 943261 1
974179 974942 2
327702 363930 2
388116 901377 1
530263 981077 2
21685 593350 2
518664 749490 2
520775 829620 2
874866 922675 2
610913 843068 1
380240 813008 1
266359 517419 3
731009 784306 2
178033 619459 2
154307 413310 1
509249 968019 2
137138 755589 1
687009 722824 2
895983 949189 2
503239 770527 2
527407 889982 1
415547 461525 2
183643 693052 2
302602 314910 1
56526 102778 1
112415 335625 1
908020 967394 3
711353 809546 1
783606 832529 2
60707 631591 2
438793 765062 1
730948 798619 2
25125 188876 2
750282 886480 1
599118 768997 1
458973 869824 2
975154 979140 1
117478 941283 2
940942 981477 2
170144 176935 1
871482 956458 1
384769 527781 2
170368 233551 2
461101 898938 3
986644 988628 2
396265 470926 1
849555 943417 2
44479 907726 2
293617 546676 2
771877 799193 2
725025 972150 1
518321 808713 2
626733 755146 2
288818 757383 2
475072 672859 1
235585 956464 2
727735 908754 2
160943 790048 2
124844 426545 1
636199 793403 1
6248 426923 1
228127 398393 1
350325 665650 2
531226 559032 2
281636 999140 1
653951 734276 1
619492 889627 3
699893 815918 2
768213 934021 2
725036 907847 2
235907 278341 2
662536 782232 3
312831 762073 2
69988 909784 2
44283 885053 3
341741 955702 3
515036 561684 1
383253 532889 1
2426 610784 1
638712 945111 2
301433 650781 1
421556 840659 2
949432 998142 2
920623 963267 3
372898 785393 1
383229 808232 1
767168 995974 1
676250 768262 2
905460 938874 1
781415 956621 2
881441 961056 2
298359 373976 1
83710 600413 1
143258 915163 1
467234 979831 2
168737 654145 1
530719 967430 1
512123 878047 2
5976 606778 3
891585 984570 1
815192 920767 1
88941 842892 2
196303 983548 3
623075 865489 2
676866 712319 2
161764 866835 3
643742 788431 3
806343 994544 1
341521 963024 2
805652 973374 2
848561 924146 2
157746 875723 1
542397 724832 2
640431 851795 2
344011 822746 2
680923 906371 1
265572 515289 2
266247 270172 1
842532 967023 2
488562 489632 3
32377 606704 1
131303 546538 2
8944 205036 1
51345 734555 3
894084 997578 1
58476 858710 2
591966 828684 1
320112 713988 1
851082 862813 2
28775 846954 2
556756 915489 1
538594 746383 1
903572 936035 1
432178 912710 1
854128 861810 3
509540 870137 2
966582 995019 1
555734 809196 2
818856 863428 2
774136 823341 3
586738 689963 2
513512 689775 1
973421 976788 2
311538 478557 1
831633 977623 2
547949 889649 2
884457 921332 1
82300 232947 2
30147 827865 2
667860 937129 2
934359 946976 2
470509 478103 1
968167 979287 2
810836 971058 2
908181 999207 1
252643 649288 1
214820 745931 1
942411 943553 1
770713 807200 2
103340 507685 2
571069 652111 3
159288 334888 1
534489 706195 1
270649 638534 2
654018 807122 2
890174 970586 1
971818 998918 2
923488 928604 1
862719 973685 3
185106 816308 1
2119 503083 1
158571 702917 2
644788 863893 2
498613 805781 2
928455 936765 1
253384 998685 2
738907 954637 2
684831 925903 3
388782 965259 2
775625 903827 1
496648 925071 3
716827 754864 2
54866 775172 2
100377 571013 2
285109 338599 2
978583 991886 2
803955 825352 2
414211 843056 1
538502 774437 2
274515 626528 2
917356 921945 1
219593 903282 1
88821 347466 3
444751 484904 2
560742 585902 2
144196 722027 1
369831 934300 1
39571 703157 2
150782 933558 2
461336 667092 1
682519 845499 2
787012 868987 2
163209 890668 2
894891 986601 2
68394 83742 2
765964 877506 1
141831 341491 3
804636 919075 1
421133 770460 1
384983 855595 1
479247 641731 1
828491 993479 1
70776 516442 1
210292 366000 1
227672 291932 1
431072 862420 1
179536 205212 2
741164 896054 2
909913 943874 2
643582 806709 1
649427 789275 1
539691 723080 2
318578 900228 1
878901 938985 3
890634 905493 1
856453 999960 1
787947 974189 2
320003 888089 2
731420 884052 1
131186 605250 2
18697 232058 1
42550 541894 3
727992 751213 2
93771 873327 2
684693 889030 2
756616 853901 2
327715 562059 2
266729 714941 2
721925 739627 2
270129 419707 2
397286 595030 1
686154 774295 2
106139 540163 2
513557 922988 1
971481 993213 3
39214 958261 2
45593 397931 1
945212 961567 2
509790 847703 1
655030 665805 1
894743 961880 1
108897 824911 1
191513 572991 2
169346 177135 1
883787 941871 2
589713 994979 1
898 88973 3
283574 576393 1
814856 949007 1
869218 999011 1
360314 803720 1
347505 879702 2
992697 998192 1
191314 946726 1
35536 906365 1
192309 746046 2
836557 894549 2
272813 803039 3
527137 595283 1
132721 940483 2
273726 391140 2
712887 918873 1
87285 434468 1
35632 620081 2
574935 657446 2
307104 533384 2
511586 933337 2
91018 742008 3
748628 893851 2
374514 615771 1
89519 372333 3
217619 286904 3
166954 388185 1
491722 584510 2
798029 902261 3
70997 720560 2
644291 975782 2
635850 906632 3
603733 614187 2
475304 688641 2
699906 941744 2
975976 976313 2
250690 513488 2
89214 418808 2
79559 633506 2
907964 918398 2
86485 987572 3
51087 219467 1
505106 660825 3
387974 444718 1
357461 965194 2
210819 327398 2
585095 932111 2
138632 492739 1
965965 994785 2
562822 915940 1
521536 912280 2
111882 809360 1
887758 908706 1
118932 148405 1
791002 904327 2
734620 849554 2
789755 881295 3
956913 999360 2
460771 654736 2
607297 843231 1
714287 950834 2
42044 411121 1
622681 842046 3
370305 740019 2
131352 980315 2
410697 535445 2
804619 938712 2
553494 820508 3
350196 956204 1
190861 885421 2
701068 783835 1
991693 998461 1
437350 631205 2
239456 515117 3
686259 983866 2
520426 547668 2
151570 707917 2
946123 951505 1
619190 658049 1
358113 486982 2
688601 979156 2
711405 909805 2
82961 924625 2
916474 931803 1
821294 861374 1
627117 866073 1
614785 766535 2
896799 956597 3
193620 361765 3
961000 979248 2
996218 998798 2
555566 664944 2
700072 754561 2
565051 992405 1
646050 783076 1
741272 926590 1
86638 469113 2
937035 961415 1
623764 700299 1
339676 483434 1
606749 679725 3
893376 930520 1
148627 729159 2
436774 756629 1
677232 957418 3
813050 987446 2
425038 814530 2
797665 898371 2
860294 992655 1
997307 999872 1
490600 993385 1
338521 923969 1
469596 584588 1
878885 972377 2
46604 800259 2
265431 333597 2
382919 875440 2
705194 765611 2
48236 207866 2
771882 891394 1
292796 640681 1
135593 447381 1
225170 556585 3
654577 946909 2
284095 775269 2
854006 909712 2
863842 961463 2
187283 796691 2
871912 921111 2
214322 886690 1
590604 970810 2
857704 909602 1
348498 469631 2
313667 939399 2
916072 979784 2
138651 412396 2
835943 895718 1
973536 988869 3
219633 974824 2
863445 887524 2
456278 502513 1
523287 760936 2
549191 714191 3
380826 675780 1
647611 915730 3
397923 535408 3
48766 350611 2
658275 860246 3
901239 943452 1
564588 960135 2
65036 227813 2
31393 500585 2
588393 950091 2
534633 867460 1
316411 684938 2
610899 829361 1
974776 985059 1
453991 853826 2
833459 983128 2
559925 953791 1
852607 921928 2
195677 288208 2
894451 952962 3
49791 942123 1
862719 868761 1
250951 952618 1
123028 654860 1
580129 844601 3
466288 803681 2
684217 801425 1
499112 655365 2
70263 554455 2
549247 918019 1
416115 845224 1
509668 840288 1
984962 996541 2
762574 834292 2
222010 460811 3
389489 570820 1
250080 999004 3
482314 515072 1
457978 906122 2
641844 875613 2
976073 993968 1
42724 738607 2
286368 783044 2
231057 667559 2
983134 987555 2
147147 492209 3
884441 917711 3
330987 524617 2
411374 498487 2
164015 724944 2
197693 594783 1
134845 435324 2
145097 489689 1
68287 137460 2
273757 481081 2
68420 677361 1
129212 455118 2
420410 720780 2
202142 714982 2
634709 648145 1
375779 874596 1
136318 718054 2
715648 927364 2
964457 971278 1
680032 995094 1
968570 999107 1
588413 939255 2
806475 911100 1
766701 786980 1
894964 976066 2
950316 978141 1
87932 593323 2
811007 986727 2
789112 844642 2
808329 931944 1
178583 194607 1
396795 726681 2
208777 840169 2
284386 443541 1
29275 881806 3
687219 744915 2
936265 996994 3
685460 849985 2
217315 341729 1
893391 919184 3
22578 654573 2
427403 689682 1
998217 999365 1
339924 484040 1
813934 880869 3
696921 804743 2
775678 986813 3
900316 902960 2
118391 624882 1
567038 970455 1
844685 884897 1
775336 926308 3
725578 941815 2
628578 784599 2
338522 471636 2
508584 558828 1
870003 973432 2
979316 986637 1
132402 888918 1
40759 881011 1
350588 607442 3
706781 732182 2
709462 992376 3
324837 461491 2
99426 340203 1
390920 658275 2
704348 710739 2
881013 898633 2
153791 569177 1
445884 509870 2
448287 737198 3
333400 349564 2
498985 579447 2
281876 329917 2
475910 868076 3
232809 847874 1
288129 600718 1
146641 170098 2
217053 779051 2
359066 676945 1
888238 965621 2
155227 160567 2
16561 22556 2
637859 959088 1
194334 964505 1
458996 487950 3
65839 666199 2
951168 952274 1
93299 632807 2
899248 952817 1
761064 958199 1
570646 770546 2
286339 941314 1
205633 823639 3
742865 894331 1
659924 786462 1
786106 946417 2
99185 453929 2
304378 372886 2
105694 977146 1
580965 845892 2
730014 804915 1
289045 434885 1
693389 811777 1
633098 883455 2
138950 817314 2
165548 350338 1
300963 306450 3
135736 543147 3
912100 958777 2
401541 945254 3
749047 802575 1
51142 640515 2
851243 883982 1
310616 388498 1
191060 989449 2
152460 460256 2
985535 989819 2
936236 939905 2
929500 941944 1
387069 473821 1
361828 705125 2
831617 926168 1
682143 872576 2
214774 460455 2
539975 740274 1
445831 722035 2
944626 984152 2
500578 789341 1
123299 330027 1
641734 661611 1
813351 955043 2
449808 825056 1
796750 964285 1
83016 150200 1
367584 532443 2
530743 756410 1
238256 324277 2
633744 650607 1
537364 550653 2
59453 201997 2
703131 870100 2
174409 726120 1
555153 639052 2
311494 804651 2
916857 982579 1
908929 960225 1
83655 439590 3
919773 941890 2
291940 971358 1
730689 765546 2
938984 938995 2
814499 855122 1
399211 402749 2
66260 97331 2
574180 640597 2
946310 994153 2
672310 724904 1
97859 800553 1
959533 993504 1
589547 853086 2
155950 290897 2
889390 914264 1
876976 915391 3
665440 968156 1
76850 605614 2
625354 892370 2
887949 951945 2
569761 948686 2
787527 906918 2
649525 782803 3
335323 618439 2
830992 959963 1
825197 899674 1
371598 438432 1
685458 862925 3
233699 413126 1
23324 453690 2
269020 779354 1
21899 126168 1
644805 891331 2
116109 548788 1
171535 568219 2
274958 612828 1
256241 752402 3
953148 995606 2
565189 917669 2
426445 545823 2
45633 704698 3
547334 954084 2
684350 795869 2
539976 780214 1
194457 747728 2
172751 470229 2
866219 971281 1
831223 978768 2
415071 594848 2
548942 690176 3
954033 977138 2
586544 912804 2
268556 870128 2
36823 132596 1
377120 852831 1
58486 553732 2
339854 470922 2
32665 218670 1
106143 348989 2
966145 991816 2
577802 749927 2
982594 986980 1
693267 966396 1
661770 665739 2
413484 651730 3
642657 946663 2
952465 953024 2
835451 906558 3
281876 772245 1
47278 454723 1
48842 585147 2
206507 646152 3
244438 748078 2
821698 942000 2
753345 754159 2
402231 680361 1
880787 993263 2
183071 385226 2
666752 860843 2
834508 971941 1
135082 672814 3
691144 782770 2
106718 146407 2
723549 935816 2
154736 658552 3
874174 881997 2
291999 973686 1
772299 952844 2
153883 755685 2
125072 142226 1
423091 871521 2
344473 638955 2
779295 882208 2
935055 965074 1
528749 912120 2
380078 909681 2
277461 464632 1
168028 247841 2
659452 924682 2
267678 659701 2
319189 963089 2
634824 941841 2
383002 697814 2
63082 571519 1
999686 999965 3
626466 907223 2
638423 885973 2
767048 795078 1
235110 772231 1
548395 592294 1
199150 728344 1
745505 819129 2
146975 923392 2
26509 842679 1
270722 711727 1
479540 729936 1
488073 761295 1
460367 745170 1
130522 340878 2
228167 890006 3
985403 999872 2
718604 772786 3
148676 195369 1
939287 952130 2
763327 840332 1
916963 932754 3
818151 955274 2
102710 576131 1
294040 968473 3
321336 525662 2
432952 920511 2
543113 738058 2
320890 920392 2
974704 986317 1
763643 800508 3
984455 990296 3
929104 934205 1
664993 880352 2
409235 991724 2
164077 989797 1
89968 211230 1
60235 817045 1
493159 803075 1
86576 127668 2
90112 587901 1
723606 965166 2
972103 980567 2
270984 707835 3
831374 908717 2
134230 257938 1
780468 901870 2
263836 957513 2
599310 765726 2
324089 847232 1
571885 684517 1
420239 779930 2
221889 317160 2
70587 472644 1
963441 998026 2
553284 892163 2
451357 750682 1
778691 864696 1
105887 740024 1
796872 991773 2
583351 628785 1
557119 902698 1
600551 834342 2
798591 875169 2
316798 957745 3
240305 472735 1
886412 907086 1
379869 935940 2
221119 395562 2
348982 977884 1
637273 987619 1
314847 900077 1
858915 946505 3
652521 901103 1
772048 865630 3
608729 986614 1
666743 719701 1
777061 784940 1
271079 649410 2
434944 447296 1
225196 986258 2
198034 654304 2
606192 931690 2
363624 599370 2
212388 459769 2
36378 978135 2
364701 680538 2
714792 737500 1
723290 830593 1
534057 657067 3
213300 749820 1
974968 992724 2
911429 963155 2
614567 955248 1
128203 551129 1
670515 856793 2
641315 679922 2
311465 600658 1
612174 628413 2
293410 380377 2
970701 994555 2
938450 965770 3
559444 866685 2
815138 892741 2
966743 992546 1
671796 941398 2
327892 943802 1
464651 777167 2
810630 902144 1
490323 859955 1
157738 524635 2
864364 939341 1
317440 629752 2
979433 997291 2
178515 964726 1
384003 900991 2
782471 992896 2
872896 996813 3
357552 646902 3
222753 666418 1
32074 816804 1
904725 908121 2
70944 499486 2
394406 836166 1
276942 569697 2
819400 878195 1
108316 606314 2
63958 379455 3
328787 998692 1
508970 571402 1
306976 720691 2
97791 283929 1
75355 641730 1
695489 934392 1
234690 460645 3
835698 872441 2
636191 670566 2
814712 825895 1
651213 916816 1
193716 369299 2
827945 875255 3
713947 772045 2
189956 306591 1
387243 418127 1
384523 536301 2
163958 787886 1
624151 873029 2
647960 811819 2
664677 991981 2
925523 977082 2
450336 915832 3
790419 818847 2
626924 888619 2
766905 992256 1
958833 984144 2
707273 935374 1
785443 916533 1
482462 912024 1
680577 830156 2
96636 899984 2
126761 457142 3
618099 639135 1
52766 319986 1
254646 744401 2
730537 875413 2
924665 949706 2
833242 877300 2
53983 65522 1
88126 950951 2
795225 950422 3
408220 737111 2
429291 450010 2
185527 704076 3
352538 954999 3
383956 541441 2
322280 621419 2
950898 960762 1
948180 952292 1
298733 648169 2
683653 837640 1
597876 736663 2
95527 803192 2
310468 451978 2
866846 921977 1
597329 717068 2
538396 561313 2
492083 829203 2
769437 993227 1
182339 993687 2
280761 382013 2
234797 856963 3
103446 803266 2
634746 737168 1
320589 464011 1
988929 992906 2
446790 870386 2
154388 205635 1
569029 700809 2
894823 969937 3
308556 405501 1
361603 890431 1
34015 759848 2
748154 850211 1
199794 808508 2
456584 709299 1
393785 857129 1
21509 522954 1
180287 483011 2
693386 766575 1
32045 315333 2
326643 933633 2
757511 862140 2
818436 909729 1
247966 424051 2
338397 391486 2
316485 788215 2
874727 987326 1
541310 769215 1
50373 79566 2
334513 745863 1
942266 946637 2
711295 911734 1
71434 797516 2
41898 49982 3
893215 937313 2
718781 756478 3
984030 992554 2
461365 962945 1
291987 629627 1
374485 513261 3
936543 998227 1
222192 571048 3
650270 910777 2
363771 524764 2
397307 901828 1
988274 996357 1
161689 648323 1
202435 971357 2
262854 278443 1
310906 835423 3
909010 947847 2
941934 946721 1
479662 612590 2
701630 716462 2
343429 634096 2
553345 749149 2
498355 761516 2
119541 796858 3
371639 713374 1
614396 886464 2
932391 995991 1
514624 762572 1
831748 908442 2
568613 908161 2
589857 822840 2
846658 855387 2
415407 416036 2
204681 592768 1
865436 967973 2
69496 294232 3
64605 110848 2
423931 908368 2
744970 909487 2
425489 715051 3
133703 486087 1
456662 830230 1
155206 502415 2
219936 380689 1
918859 940880 1
508602 728341 3
679922 787205 2
716003 918987 1
765621 886607 2
874297 928584 1
154594 507661 1
640847 707846 3
7889 410788 3
900753 947112 1
487497 665050 2
613755 995262 3
251402 581933 2
788152 861485 2
172893 343829 1
813724 848904 3
976922 997218 2
878511 949607 2
127177 345603 1
903855 908991 3
208657 961681 1
478060 690030 2
505826 532074 3
618729 884962 1
859908 914299 2
101522 490977 1
677910 722720 2
771655 773934 1
397901 593591 1
334614 956792 2
184342 733034 1
824807 870635 2
628263 763959 2
709491 781769 1
379766 763925 3
356395 839574 2
495771 853833 1
807960 959667 2
474716 856381 3
633604 811589 1
846356 964075 2
50023 172882 2
63597 256830 1
839414 910403 1
184639 251864 1
141574 442586 1
907358 941786 2
665530 735419 2
467240 990110 1
909511 961325 1
213572 747343 1
76163 352489 2
619666 851987 2
272927 563713 2
38359 232569 1
677477 969469 2
686323 831716 1
301076 635840 2
403820 691133 1
714393 914106 1
11687 598715 1
872610 878146 1
669153 854473 1
268431 818885 1
591095 655401 2
518976 661669 2
10250 770125 3
717703 814116 2
221300 828733 3
953251 973461 2
124056 225449 2
936442 950777 2
635975 960653 1
839454 981562 1
685411 775844 1
204517 513013 2
389018 710650 2
937617 971271 2
516907 830356 1
468854 820391 1
301712 572124 2
452614 576733 2
321051 974928 1
252480 899251 2
512742 817554 2
152129 157507 3
197921 760200 1
102150 179027 1
434921 987115 2
455807 589607 1
425287 990500 1
786539 987792 2
875194 988745 2
163892 671259 1
780075 781686 1
644501 861336 2
432406 809320 2
299415 835956 1
145965 858306 2
498893 812534 2
648885 824399 2
698110 947371 1
627498 647777 3
910263 976265 3
192103 250194 1
738861 818974 1
461333 541307 1
278740 675061 2
159294 614628 2
128889 195044 1
614303 916942 3
722300 895981 1
284271 305866 2
428753 546187 2
462022 579830 2
915262 927604 1
431401 518852 2
452979 597660 2
695788 993220 2
807448 973733 2
628801 813559 3
26481 502178 2
949283 951442 2
349346 715013 3
856215 975424 2
577931 954399 3
50697 380668 2
664887 785816 1
241204 644237 2
921780 925023 2
101151 953312 1
510059 540342 2
235127 934367 2
378735 803618 1
19835 629198 2
473772 934509 2
582224 872026 1
513914 864356 2
363160 819720 2
775686 971060 2
932379 944798 3
289389 562769 2
131818 185936 1
869972 871309 1
811068 966103 3
890520 933727 3
387917 712046 2
550592 798086 2
883226 993037 1
882626 998592 1
160931 321405 1
20630 494613 2
897822 923311 2
755998 876476 2
57910 802126 2
311398 632238 1
557904 991520 2
248471 445317 1
146792 401178 3
985355 989381 3
900604 981619 2
159889 489822 1
585680 895295 2
80980 531627 1
115186 574470 1
953243 960143 2
446082 866207 1
805516 994707 1
488267 866644 2
947591 948318 2
208972 257545 1
661517 802129 1
682427 693759 1
710887 952308 2
946869 954334 1
893746 986918 1
488587 600104 2
362252 845830 3
332217 424228 3
629362 826930 3
277652 314816 1
349735 853265 2
35701 931273 2
608051 783212 1
256789 816804 1
15834 772319 2
244749 247324 1
408704 509319 2
711725 884243 1
811630 913935 1
281558 607714 2
616960 698950 1
859190 980905 3
890893 957634 2
400578 893438 1
957922 975664 2
128753 270810 3
789925 983213 2
307719 472537 1
927817 955025 1
273263 899279 2
166242 752842 2
308108 947780 1
996732 997667 2
155884 580268 2
213887 246434 2
183113 661156 1
447928 737946 2
332426 531159 3
402964 833168 2
756328 993945 2
904355 994077 1
690137 965965 1
932490 967443 2
110240 146606 1
573628 718040 2
912779 940812 1
259605 760966 3
693217 995513 1
410090 709315 1
774635 862413 1
89428 941607 1
487615 653250 2
197765 499931 2
348373 563963 2
971278 973781 1
868848 887246 2
277272 448153 1
364164 924288 2
99165 505017 2
606800 756584 2
361438 780759 1
920439 999681 1
437766 447412 2
265448 397072 2
481787 514051 2
27744 115587 2
444294 629110 1
539064 810223 1
401070 767390 1
531236 535975 1
202391 286689 2
508823 614008 2
544662 702788 2
407075 492661 1
90448 276678 2
703173 781503 2
659080 755994 1
976840 991711 2
223224 479742 2
16798 242313 1
87365 324375 1
621174 760291 1
340989 954838 2
20979 712708 1
886783 995006 1
256743 629493 1
29461 331878 2
206770 305887 3
213166 784258 1
723792 782532 1
435039 947432 1
472443 687479 2
668876 698399 1
59772 385162 2
218654 913438 2
308504 618427 2
399779 972685 2
432437 967218 2
828451 869095 2
135977 307599 2
882281 903233 2
509484 712800 2
348952 605598 2
703944 931671 3
935022 938679 1
396948 543555 2
303726 633285 1
927636 960955 2
681855 762034 2
659080 829568 2
82695 262817 2
155964 504681 2
87382 547772 1
722745 797539 1
954158 988888 2
450153 640939 2
264727 405258 1
485856 892039 2
873982 900616 2
958405 991648 2
423166 891275 2
643904 843465 3
190662 738037 1
77678 986374 1
186795 985677 1
994359 997220 3
2328 441406 2
536690 816322 2
834807 917111 1
314173 647252 1
179410 697806 1
1881 942510 2
495102 862130 1
74537 379789 1
930356 958395 1
309032 353059 2
967279 983731 2
577009 655770 1
686435 995393 1
764080 904062 1
766248 870974 2
256240 800720 1
645306 701375 2
122052 866792 1
581069 825231 3
984991 987002 2
506391 546735 3
467070 753977 2
672208 785737 2
99649 556584 1
441295 567819 1
443815 592325 2
289973 386131 3
195267 432863 1
594117 740232 1
281696 860958 1
652225 774082 2
91737 156420 1
484653 714498 2
762669 768190 1
69150 793861 1
126157 270599 2
666693 859545 2
381456 889993 2
62030 437997 2
755763 930552 2
487413 765844 3
874214 910249 3
825721 879509 1
923785 984499 2
682120 740071 2
663749 868862 2
575426 747019 1
715282 716033 1
733878 879626 1
555258 774581 1
223912 600627 1
790687 980226 3
228612 294727 2
83231 798313 1
828030 998827 1
826550 838655 2
691756 877190 2
683927 846417 1
612075 663610 2
464269 468108 2
766629 825429 2
221440 908565 1
620882 945527 1
409987 693760 2
291214 323764 2
253519 963720 3
652367 971968 1
629634 695435 2
214813 901590 2
582502 697483 1
712539 955776 2
268734 674818 1
875659 875787 2
810064 845144 2
142185 280602 1
953850 980495 2
696905 702277 3
718363 810169 1
941683 954394 2
119354 675597 1
835506 964954 3
113780 934479 2
110164 157811 3
337219 637661 2
236811 237081 2
755384 910822 3
490957 842936 1
482925 802364 2
658306 761447 2
700522 826700 2
565239 825155 3
199671 724481 2
994035 995034 1
145567 771235 2
871488 968461 2
868443 901162 1
298966 346756 3
424719 618600 3
252890 764119 2
240384 647728 2
997915 999391 2
989767 990627 1
327939 720115 1
882418 923048 1
269914 376160 2
186899 885322 3
693274 981115 1
939914 974662 1
614322 771348 1
68209 637868 2
670000 690838 1
947863 999919 2
293649 496727 1
91280 472442 1
271636 485524 1
520371 529451 2
286386 379477 1
517836 918364 2
963953 991991 3
307156 978527 1
73428 456659 3
6736 625074 2
845806 891980 2
202410 769140 2
636326 721102 2
844409 919494 2
930468 990434 1
617711 632700 2
174100 397197 2
596114 809120 2
93836 228827 1
416233 823324 2
556377 729890 2
162594 219296 2
307284 655153 3
58236 510708 2
122387 397108 2
34919 183740 2
618787 743432 1
981079 991684 1
193486 718265 1
885057 942943 1
500914 958399 1
568154 638208 3
880084 905936 1
52890 81075 1
639715 664725 2
857036 873630 1
168683 314877 2
945074 995489 2
972780 996535 1
351144 819990 1
129028 545197 2
26577 500802 3
711995 991658 1
469258 588326 1
64423 204590 1
194705 936251 3
788279 971802 1
89132 973277 2
356860 645087 1
73773 557047 1
95845 274682 2
389334 542363 3
936696 952324 1
863391 920759 1
95783 615664 2
679363 885686 2
529466 574103 2
788999 982498 1
180111 313102 1
948222 953398 2
450132 920719 2
266040 447058 2
954042 968752 2
131233 449081 2
364026 393620 2

