1000 1000
867 917 1
274 764 2
528 887 2
999 999 2
453 849 3
481 977 2
875 919 2
331 710 2
481 491 2
120 163 3
715 958 1
813 929 2
990 999 2
637 691 2
591 692 2
422 757 2
447 790 2
219 1000 1
475 601 3
201 711 1
834 951 3
474 904 1
798 803 3
104 453 2
655 954 1
547 661 1
308 541 2
150 768 1
747 800 2
432 635 2
763 835 2
879 979 2
893 982 2
693 951 1
407 919 2
223 608 2
37 788 2
10 538 2
467 807 2
918 998 2
715 801 2
288 414 2
31 291 1
227 949 2
26 565 2
892 994 2
485 606 3
418 606 1
254 411 1
904 960 3
100 131 1
572 718 3
22 204 2
266 753 2
917 949 1
263 263 2
619 991 2
944 971 2
925 961 3
779 895 2
134 298 1
538 687 2
894 979 2
426 566 2
359 646 1
19 474 3
55 128 2
890 906 2
625 639 2
142 565 3
343 824 1
201 743 2
638 909 2
999 999 3
993 998 1
367 802 3
679 800 1
193 813 2
654 784 3
283 936 2
446 629 2
403 703 3
812 828 3
749 789 2
443 835 3
706 753 2
583 790 1
215 425 1
692 698 2
656 978 2
407 602 2
199 843 1
376 865 2
952 976 1
456 716 2
835 980 3
335 934 1
456 559 3
920 996 1
358 945 2
64 645 2
53 524 1
159 746 2
168 422 2
722 784 1
757 789 2
304 796 2
878 978 1
353 569 1
39 677 2
888 999 1
255 338 1
484 529 3
806 970 3
441 785 2
423 709 3
292 494 2
794 904 1
966 978 1
997 999 1
854 950 2
572 676 2
608 945 1
213 851 2
518 952 1
464 721 2
820 999 2
87 770 1
2 659 2
28 534 1
348 491 3
61 565 2
978 982 1
215 496 2
198 587 1
258 806 2
794 796 2
27 164 2
382 573 1
622 700 2
218 540 3
588 792 2
899 913 3
843 951 3
837 973 1
36 630 3
351 994 1
939 971 2
280 669 2
739 921 2
116 918 2
5 140 2
598 817 1
638 749 3
863 931 2
570 788 1
719 878 2
702 852 3
890 899 2
365 861 2
738 786 1
471 483 1
63 445 2
833 888 3
989 1000 3
97 208 1
675 825 1
431 963 2
155 813 1
106 682 1
465 496 1
890 971 2
825 918 2
602 736 1
788 844 1
924 991 2
30 578 1
362 581 1
561 564 2
110 775 1
403 978 2
169 626 2
808 962 1
146 563 3
618 867 2
117 290 2
897 898 3
539 861 1
688 885 1
686 795 1
551 957 2
480 770 1
583 708 3
356 406 2
862 956 2
556 927 3
326 416 1
564 772 3
238 461 1
464 504 1
663 881 1
89 879 2
199 696 2
414 794 1
836 989 2
254 740 2
189 914 1
482 980 1
601 809 1
626 634 2
253 611 1
273 427 2
749 758 2
810 889 2
214 367 2
442 892 2
689 734 2
244 608 2
223 588 2
237 346 3
291 666 3
700 744 1
59 168 2
23 837 2
3 640 1
680 982 2
136 453 2
315 483 1
474 865 2
15 111 1
84 832 2
525 890 1
258 716 2
726 924 2
814 988 1
758 824 2
461 739 2
306 956 2
59 184 2
40 772 2
647 915 3
800 979 2
693 819 3
2 662 2
762 809 1
73 336 2
585 774 1
880 946 2
326 430 2
425 581 1
812 931 2
830 939 1
618 846 2
45 976 3
98 330 2
462 990 1
836 962 2
565 829 3
748 799 2
242 873 2
168 521 2
467 557 1
426 771 2
421 661 3
564 924 1
798 879 2
614 748 1
535 588 2
149 768 2
790 872 2
752 837 1
204 377 2
260 908 2
875 875 1
919 990 2
380 825 2
743 747 1
681 865 2
673 880 2
298 438 3
743 824 1
857 893 2
785 993 2
330 959 1
327 438 2
942 991 2
386 623 1
714 960 2
105 879 2
530 835 3
251 975 1
126 377 1
825 926 2
85 228 2
803 808 2
515 882 2
346 688 2
95 355 2
129 920 2
121 630 2
704 847 3
611 752 3
822 913 1
598 942 1
465 807 2
943 999 1
586 739 1
417 860 2
902 965 1
203 815 3
808 917 2
219 263 3
476 697 2
240 802 1
688 758 3
562 754 2
893 965 3
635 707 1
635 861 1
225 514 2
236 623 3
610 905 2
286 628 3
997 999 2
580 642 2
466 930 1
421 620 2
125 254 2
512 981 3
474 644 1
118 487 3
189 711 1
549 896 3
383 882 3
807 897 2
504 910 1
526 805 1
271 943 2
620 755 2
361 704 1
362 466 2
322 402 2
443 737 1
961 966 3
235 668 1
57 913 2
476 881 2
357 488 1
809 947 2
802 857 3
563 711 2
712 800 2
75 209 2
883 889 2
497 868 3
842 954 2
193 234 2
999 1000 1
883 983 1
346 479 2
979 980 2
647 838 1
335 885 1
702 986 2
61 590 2
769 779 1
215 729 2
498 612 3
914 921 2
82 604 2
332 919 2
470 604 2
117 260 2
159 268 1
751 990 2
493 553 2
399 753 2
743 884 3
86 316 2
178 835 3
559 704 2
43 542 3
246 969 2
834 848 2
457 932 1
363 613 2
40 784 2
817 856 1
844 989 3
886 892 1
969 990 1
243 730 2
848 901 3
224 792 1
176 414 2
129 681 1
772 780 2
187 432 1
700 738 1
416 978 2
62 980 2
6 814 2
954 960 2
610 781 1
499 732 3
543 711 1
399 423 2
152 623 2
490 643 1
767 991 1
303 327 2
792 863 2
61 947 2
642 833 2
661 780 2
194 243 2
959 969 1
19 640 1
99 217 2
804 967 2
691 813 2
269 525 2
62 599 2
466 813 1
126 843 2
308 917 1
506 607 1
515 606 1
775 853 2
216 685 2
355 912 2
931 985 1
245 393 2
46 725 1
717 828 3
7 989 1
363 776 1
756 951 1
342 402 1
566 776 1
164 756 2
397 416 1
874 930 1
379 541 2
370 1000 2
925 978 2
527 789 2
533 571 2
824 948 2
600 815 1
842 982 1
450 525 2
774 882 2
699 804 2
199 772 1
228 653 2
171 575 1
542 764 2
213 739 2
622 726 2
218 512 1
104 393 2
687 882 2
773 919 2
243 434 2
877 881 1
521 582 1
183 361 2
452 831 1
442 932 2
27 492 2
241 934 2
657 985 2
134 915 2
607 776 2
619 685 1
833 858 2
201 974 2
836 954 2
635 724 2
671 767 2
824 882 2
331 617 1
907 908 2
469 676 2
619 976 1
579 607 2
622 951 1
442 599 2
282 602 1
581 600 2
948 985 2
298 625 2
709 886 1
268 813 2
903 941 2
494 610 2
389 518 1
429 544 2
593 977 3
274 567 1
702 775 1
512 794 1
635 728 3
644 959 1
99 554 1
335 337 1
384 578 2
466 864 2
317 731 1
702 894 1
608 759 2
107 545 1
387 849 2
54 369 1
998 1000 2
451 732 2
401 717 3
25 233 1
584 891 2
482 623 1
955 987 3
461 900 2
16 830 2
691 982 1
119 469 1
561 773 2
705 802 3
984 986 1
742 812 3
720 996 2
449 932 2
980 999 1
77 560 1
524 619 2
771 787 2
669 745 1
618 651 2
326 862 3
891 910 3
636 776 2
896 983 2
36 887 2
90 964 2
413 956 2
752 997 2
671 750 2
110 721 2
703 857 1
466 944 1
708 755 3
641 760 1
120 361 3
474 703 2
578 777 2
724 918 2
641 882 1
91 347 2
283 620 1
537 664 2
680 843 2
481 918 2
232 332 1
600 797 2
484 881 1
536 850 2
480 574 2
604 741 3
60 651 1
741 920 2
594 595 2
72 812 3
752 896 2
376 911 1
503 607 1
675 970 1
127 169 1
906 947 2
826 952 2
653 729 2
473 978 2
99 411 2
738 961 1
314 436 1
840 965 3
451 536 2
472 514 2
561 811 3
79 869 3
910 953 2
918 996 1
953 954 2
991 1000 1
971 999 1
566 647 2
744 837 2
562 623 2
441 538 3
728 968 2
278 829 2
930 934 2
750 778 2
368 917 1
934 979 1
292 460 2
793 867 3
648 958 2
459 462 1
604 879 2
306 389 2
682 739 2
814 894 2
840 894 1
474 961 1
627 780 1
990 994 2
883 995 2
235 925 2
447 592 1
283 771 2
24 901 2
307 502 2
302 624 2
891 942 1
745 803 2
702 978 1
363 716 1
13 752 1
978 997 1
787 985 2
714 991 2
701 895 2
672 833 3
648 655 1
523 660 1
300 327 3
353 651 1
127 261 2
320 525 3
667 836 2
58 382 2
159 573 2
649 711 2
727 987 1
617 729 1
144 780 2
971 991 1
236 392 3
603 701 3
535 937 3
106 655 1
819 967 2
156 979 1
261 498 1
773 902 2
310 402 1
871 876 2
251 595 3
935 993 1
175 537 2
435 644 1
338 429 2
858 992 2
190 786 1
846 978 2
955 968 2
40 698 2
870 997 2
943 967 2
545 728 1
608 967 1
334 427 3
342 414 2
750 815 1
84 129 2
938 940 1
981 1000 2
812 966 1
341 967 3
892 925 1
790 930 1
369 592 1
827 862 1
92 542 1
719 863 2
418 575 2
84 587 1
729 991 2
961 986 1
957 961 3
203 333 1
954 977 1
451 901 2
25 926 1
733 801 2
915 980 2
195 888 1
199 912 1
41 517 3
741 869 2
940 949 1
870 888 2
588 609 2
574 957 2
742 865 2
706 722 1
399 853 2
340 717 1
198 307 3
230 619 3
130 584 2
306 913 1
49 567 2
843 990 1
121 977 1
108 371 1
743 945 2
493 733 2
793 912 1
270 628 1
464 996 1
491 526 2
293 728 2
730 922 3
153 628 2
874 987 2
572 974 1
129 639 1
408 854 1
163 375 2
542 990 2
383 480 1
972 977 1
727 924 2
958 958 1
562 999 3
756 807 2
395 647 2
905 934 2
418 676 2
993 1000 1
815 821 1
684 759 2
76 683 2
600 694 2
484 691 2
223 472 1
416 928 2
295 773 1
825 858 2
36 164 2
949 953 1
517 819 2
431 791 3
615 741 2
224 682 1
822 865 2
929 968 2
75 320 1
749 871 3
791 926 1
869 972 2
763 789 3
771 806 1
647 803 2
627 973 1
900 915 1
130 175 2
171 272 2
312 649 1
239 930 2
589 647 1
451 883 3
578 890 1
829 860 2
37 354 1
526 962 3
973 984 2
997 999 1
969 969 3
142 706 1
861 931 2
673 996 1
698 954 1
561 754 3
285 856 2
403 520 2
619 704 2
73 885 2
384 939 1
782 961 2
916 994 3
998 999 3
787 840 3
284 616 3
209 326 2
738 879 1
563 698 2
724 793 1
898 933 3
573 674 2
724 918 2
110 210 2
777 913 1
977 988 2
981 990 3
994 998 1
521 623 2
385 767 2
817 920 2
231 790 1
86 108 2
49 642 3
463 714 2
403 516 1
522 893 2
710 903 1
70 932 1
270 961 1
220 805 2
250 708 2
887 926 1
1 320 1
215 946 2
14 181 1
919 925 1
68 486 1
166 507 3
405 866 1
876 895 2
774 960 1
391 811 2
734 890 2
801 897 2
882 977 2
696 817 1
681 976 3
658 968 2
991 993 1
832 929 2
968 992 1
47 135 2
377 483 2
190 640 2
51 658 3
169 324 2
931 963 2
237 432 2
354 477 3
160 826 2
357 687 2
181 973 2
905 947 2
153 283 3
152 158 2
650 836 1
590 859 2
239 440 3
372 516 1
973 991 2
702 784 2
312 527 2
576 794 2
48 126 1
389 615 2
316 350 1
19 946 2
933 997 2
987 988 2
103 658 1
461 466 2
824 986 2
557 886 3
442 591 2
196 835 1
584 943 1
848 897 1
346 449 1
168 414 2
604 955 1
195 684 3
633 912 3
210 266 1
578 704 2
523 918 1
78 983 1
39 506 1
104 106 1
719 947 2
254 678 2
85 702 1
35 134 2
236 792 2
492 967 2
273 927 3
827 906 1
508 935 2
756 926 2
326 580 1
576 983 1
46 599 3
109 670 1
616 751 3
688 864 1
827 898 2
385 945 2
629 632 1
203 325 2
555 598 3
90 654 3
735 904 2
465 810 2
151 698 1
387 698 1
184 985 2
943 974 2
922 933 2
718 718 2
220 840 1
526 797 1
488 645 1
684 751 3
183 947 1
746 841 1
463 569 1
751 752 1
793 834 1
110 126 1
754 887 1
690 908 2
13 758 2
503 656 3
822 913 2
702 903 2
71 525 1
84 508 3
430 740 2
642 919 1
437 562 1
256 980 2
529 956 1
542 685 3
900 920 1
658 975 2
293 829 2
829 955 2
496 682 3
963 972 3
694 914 1
616 655 2
162 567 1
434 551 1
520 715 1
510 977 2
209 237 1
277 587 1
772 970 3
610 837 2
729 847 1
940 956 1
300 346 2
505 645 2
401 735 2
414 442 2
82 444 2
459 711 2
911 952 1
386 705 1
748 887 1
225 531 2
995 997 1
96 217 2
360 898 1
440 705 2
720 991 2
123 584 2
427 772 2
905 973 1
374 967 2
858 876 2
496 513 1
647 867 1
523 835 1
613 872 3
878 950 2
787 877 2
174 700 2
442 575 2
50 243 2
492 923 2
374 793 2
766 869 2
178 686 2
623 953 2
852 885 1
650 918 1
953 971 2
958 962 1
709 792 2
664 782 2

