1000000 200
543872 980979 1
945249 964982 2
877780 906566 2
578098 698001 2
462520 916587 2
211672 743900 1
637884 897908 2
834370 987408 1
942635 973154 3
114926 893834 3
852873 980163 3
969854 987982 1
629255 706203 1
563541 727550 1
522116 794730 3
917074 942988 2
35688 65733 1
210618 643368 2
726749 995983 2
690478 819759 1
281027 464674 1
358243 513120 2
690009 698979 2
80414 362200 1
831675 917826 2
273485 367951 3
742611 980636 3
311745 515777 2
417241 830329 2
711032 716798 2
456387 466567 1
60152 720026 1
497364 666484 1
361418 549874 1
425328 513331 1
645473 851509 1
566813 749237 1
518968 880713 1
775976 873918 2
683600 866746 2
281716 817402 1
606692 907157 2
159442 403700 1
305009 423630 1
264623 444611 1
143959 974469 2
248047 385884 2
864468 945882 1
967939 972268 2
841324 939060 1
429396 913492 1
744699 757132 2
988524 997441 2
172295 244129 1
256258 873847 1
601020 922252 2
534946 904155 2
729858 804261 1
873573 989234 3
984799 989034 2
224553 260518 2
84471 299947 2
579020 816055 3
592228 664733 3
248044 515899 2
469500 691970 1
259444 600347 2
40951 946901 1
284095 443771 3
190950 931213 2
832194 874478 2
53891 979325 2
829835 990188 1
130367 403960 1
249204 524165 2
643382 804977 1
697980 949841 3
734812 832201 2
902035 907655 2
362632 561379 1
847643 866787 3
293774 886667 2
416416 681384 1
410186 882133 2
661232 806959 2
64323 806705 3
550770 929399 3
205327 774588 2
836184 974087 2
336469 594885 2
645879 774737 2
234550 977785 1
983226 999575 2
956880 974035 3
740406 910642 1
2104 402334 2
96028 393414 2
981451 996299 2
476645 537988 2
277950 332711 1
187866 582323 1
330591 770153 3
173317 709050 2
923495 934914 2
281227 337663 1
214739 405098 2
332234 822100 1
493394 940228 2
290093 907291 3
799476 841483 1
115360 372429 1
175487 360672 1
827940 876684 2
591324 973396 1
234721 332440 2
348727 865164 2
364714 762953 3
489740 522765 1
140692 368756 2
618919 646848 2
14727 817469 1
566043 795530 2
638909 980175 3
69577 332238 1
450290 941271 1
963526 979316 1
223183 699702 1
563029 642551 1
77955 83523 2
913925 985659 1
705218 768612 2
646587 866231 2
236333 535685 2
895982 995778 1
417499 822432 1
480650 976708 1
254298 684514 2
204166 679379 2
653710 907812 3
640604 960453 2
292624 671059 1
698417 768500 2
775543 896622 1
950135 976853 1
115935 416345 1
577042 915995 2
724999 773963 2
504828 839268 2
738356 882864 1
727678 975542 3
20031 273412 1
292667 462295 1
955322 961286 3
730153 761700 3
726369 919156 2
135214 338719 3
161548 238661 2
316048 670898 1
507362 579229 2
805064 830294 3
470358 512323 1
48878 433515 1
555066 659409 2
583550 853147 2
188027 397379 1
232998 735815 2
940199 983153 2
655498 758401 2
901335 977588 2
291063 445563 1
514774 720499 3
307441 548223 2
185267 277298 1
290609 401916 2
48012 249882 2
745833 867053 1
987748 996487 1
344261 938916 2
690870 862048 3
917687 991235 2
4774 880241 1
438465 925016 1
421973 669885 2
316874 555204 1
479958 587285 2
541781 890358 1
394670 495667 2
597164 669693 1
757175 898845 1
593771 601764 2
633829 787940 3
491386 989405 2
776197 939777 1
811959 814714 2
761133 807893 2
625630 669050 2
523399 628065 3
484990 728789 1
993411 999062 1
44835 627626 1

